0.000000	0.000000	0.000000	0.000000	
0.000000	0.000000	0.000000	0.000000	
0.000000	0.000000	0.000000	0.000000	
0.000000	0.000000	0.000000	0.000000	
0.000000	0.000000	0.000000	0.000000	
0.000000	0.000000	0.000000	0.000000	
0.000000	0.000000	0.000000	0.000000	
0.000000	0.000000	0.000000	0.000000	
0.000000	0.000000	0.000000	0.000000	
0.000000	0.000000	0.000000	0.000000	
0.000000	0.000000	0.000000	0.000000	
0.000000	0.000000	0.000000	0.000000	
0.000000	0.000000	0.000000	0.000000	
0.000000	0.000000	0.000000	0.000000	
0.000000	0.000000	0.000000	0.000000	
0.000000	0.000000	0.000000	0.000000	
0.000000	0.000000	0.000000	0.000000	
0.000000	0.000000	0.000000	0.000000	
0.000000	0.000000	0.000000	0.000000	
0.000000	0.000000	0.000000	0.000000	
0.000000	0.000000	0.000000	0.000000	
0.000000	0.000000	0.000000	0.000000	
0.000000	0.000000	0.000000	0.000000	
0.000000	0.000000	0.000000	0.000000	
0.000000	0.000000	0.000000	0.000000	
0.000000	0.000000	0.000000	0.000000	
0.000000	0.000000	0.000000	0.000000	
0.000000	0.000000	0.000000	0.000000	
0.000000	0.000000	0.000000	0.000000	
0.000000	0.000000	0.000000	0.000000	
0.000000	0.000000	0.000000	0.000000	
0.000000	0.000000	0.000000	0.000000	
0.000000	0.000000	0.000000	0.000000	
0.000000	0.000000	0.000000	0.000000	
1.000000	-0.177305	-0.500000	-0.500000	
1.000000	-0.372423	-0.500000	-0.474867	
0.000000	0.000000	0.000000	0.000000	
0.000000	0.000000	0.000000	0.000000	
1.000000	-0.291142	-0.500000	-0.499999	
1.000000	0.000000	0.000000	0.000000	
0.000000	0.000000	0.000000	0.000000	
0.000000	0.000000	0.000000	0.000000	
0.000000	0.000000	0.000000	0.000000	
0.000000	0.000000	0.000000	0.000000	
0.000000	0.000000	0.000000	0.000000	
0.000000	0.000000	0.000000	0.000000	
0.000000	0.000000	0.000000	0.000000	
0.000000	0.000000	0.000000	0.000000	
0.000000	0.000000	0.000000	0.000000	
0.000000	0.000000	0.000000	0.000000	
0.000000	0.000000	0.000000	0.000000	
0.000000	0.000000	0.000000	0.000000	
0.000000	0.000000	0.000000	0.000000	
0.000000	0.000000	0.000000	0.000000	
0.000000	0.000000	0.000000	0.000000	
0.000000	0.000000	0.000000	0.000000	
0.000000	0.000000	0.000000	0.000000	
0.000000	0.000000	0.000000	0.000000	
0.000000	0.000000	0.000000	0.000000	
0.000000	0.000000	0.000000	0.000000	
0.000000	0.000000	0.000000	0.000000	
0.000000	0.000000	0.000000	0.000000	
0.000000	0.000000	0.000000	0.000000	
0.000000	0.000000	0.000000	0.000000	
0.000000	0.000000	0.000000	0.000000	
0.000000	0.000000	0.000000	0.000000	
0.000000	0.000000	0.000000	0.000000	
0.000000	0.000000	0.000000	0.000000	
0.000000	0.000000	0.000000	0.000000	
0.000000	0.000000	0.000000	0.000000	
0.000000	0.000000	0.000000	0.000000	
0.000000	0.000000	0.000000	0.000000	
0.000000	0.000000	0.000000	0.000000	
0.000000	0.000000	0.000000	0.000000	
0.000000	0.000000	0.000000	0.000000	
0.000000	0.000000	0.000000	0.000000	
0.000000	0.000000	0.000000	0.000000	
0.000000	0.000000	0.000000	0.000000	
0.000000	0.000000	0.000000	0.000000	
0.000000	0.000000	0.000000	0.000000	
0.000000	0.000000	0.000000	0.000000	
0.000000	0.000000	0.000000	0.000000	
0.000000	0.000000	0.000000	0.000000	
0.000000	0.000000	0.000000	0.000000	
0.000000	0.000000	0.000000	0.000000	
0.000000	0.000000	0.000000	0.000000	
0.000000	0.000000	0.000000	0.000000	
0.000000	0.000000	0.000000	0.000000	
0.000000	0.000000	0.000000	0.000000	
0.000000	0.000000	0.000000	0.000000	
0.000000	0.000000	0.000000	0.000000	
0.000000	0.000000	0.000000	0.000000	
0.000000	0.000000	0.000000	0.000000	
0.000000	0.000000	0.000000	0.000000	
-0.200000	0.000000	0.000000	0.000000	
0.000000	0.000000	0.000000	0.000000	
1.000000	-0.410400	-0.453715	-0.106288	
1.000000	-0.200000	-0.100000	-0.260000	
1.000000	-0.097233	-0.478010	-0.495046	
1.000000	-0.100000	-0.244000	-0.295200	
0.000000	1.000000	-0.146000	0.000000	
0.000000	0.540000	0.000000	0.000000	
1.000000	-0.368928	-0.454408	-0.368928	
0.000000	-0.100000	-0.180000	-0.200000	
0.000000	0.000000	0.000000	0.000000	
0.000000	0.000000	0.000000	0.000000	
0.000000	0.000000	0.000000	0.000000	
0.000000	0.000000	0.000000	0.000000	
0.000000	0.000000	0.000000	0.000000	
0.000000	0.000000	0.000000	0.000000	
0.000000	0.000000	0.000000	0.000000	
0.000000	0.000000	0.000000	0.000000	
0.000000	0.000000	0.000000	0.000000	
0.000000	0.000000	0.000000	0.000000	
0.000000	0.000000	0.000000	0.000000	
0.000000	0.000000	0.000000	0.000000	
0.000000	0.000000	0.000000	0.000000	
0.000000	0.000000	0.000000	0.000000	
0.000000	0.000000	0.000000	0.000000	
0.000000	0.000000	0.000000	0.000000	
-0.489543	-0.466034	1.000000	-0.574130	
-0.200000	0.000000	1.000000	-0.433800	
-0.499996	-0.500161	1.000000	-0.501636	
-0.424000	-0.200000	0.000000	-0.200000	
-0.259631	1.000000	-0.280000	-0.286800	
0.000000	0.000000	-0.170000	-0.360000	
-0.381754	-0.492413	1.000000	-0.494463	
0.000000	0.000000	0.440000	-0.100000	
0.000000	0.000000	0.000000	0.000000	
0.000000	0.000000	0.000000	0.000000	
0.000000	0.000000	0.000000	0.000000	
0.000000	0.000000	0.000000	0.000000	
0.000000	0.000000	0.000000	0.000000	
0.000000	0.000000	0.000000	0.000000	
0.000000	0.000000	0.000000	0.000000	
0.000000	0.000000	0.000000	0.000000	
0.000000	0.000000	0.000000	0.000000	
0.000000	0.000000	0.000000	0.000000	
0.000000	0.000000	0.000000	0.000000	
0.000000	0.000000	0.000000	0.000000	
0.000000	0.000000	0.000000	0.000000	
0.000000	0.000000	0.000000	0.000000	
0.000000	0.000000	0.000000	0.000000	
0.000000	0.000000	0.000000	0.000000	
0.000000	0.000000	0.000000	0.000000	
0.000000	0.000000	0.000000	0.000000	
0.000000	0.000000	0.000000	0.000000	
0.000000	0.000000	0.000000	0.000000	
0.000000	0.000000	0.000000	0.000000	
0.000000	0.000000	0.000000	0.000000	
0.000000	0.000000	0.000000	0.000000	
0.000000	0.000000	0.000000	0.000000	
0.000000	0.000000	0.000000	0.000000	
0.000000	0.000000	0.000000	0.000000	
0.000000	0.000000	0.000000	0.000000	
0.000000	0.000000	0.000000	0.000000	
0.000000	0.000000	0.000000	0.000000	
0.000000	0.000000	0.000000	0.000000	
0.000000	0.000000	0.000000	0.000000	
0.000000	0.000000	0.000000	0.000000	
0.000000	0.000000	0.000000	0.000000	
0.000000	0.000000	0.000000	0.000000	
0.000000	0.000000	0.000000	0.000000	
0.000000	0.000000	0.000000	0.000000	
0.000000	0.000000	0.000000	0.000000	
0.000000	0.000000	0.000000	0.000000	
0.000000	0.000000	0.000000	0.000000	
0.000000	0.000000	0.000000	0.000000	
0.000000	0.000000	0.000000	0.000000	
0.000000	0.000000	0.000000	0.000000	
0.000000	0.000000	0.000000	0.000000	
0.000000	0.000000	0.000000	0.000000	
0.000000	0.000000	0.000000	0.000000	
0.000000	0.000000	0.000000	0.000000	
0.000000	0.000000	0.000000	0.000000	
0.000000	0.000000	0.000000	0.000000	
0.000000	0.000000	0.000000	0.000000	
0.000000	0.000000	0.000000	0.000000	
0.000000	0.000000	0.000000	0.000000	
0.000000	0.000000	0.000000	0.000000	
0.000000	0.000000	0.000000	0.000000	
0.000000	0.000000	0.000000	0.000000	
0.000000	0.000000	0.000000	0.000000	
0.000000	0.000000	0.000000	0.000000	
0.000000	0.000000	0.000000	0.000000	
0.000000	0.000000	0.000000	0.000000	
0.000000	0.000000	0.000000	0.000000	
0.000000	0.000000	0.000000	0.000000	
0.000000	0.000000	0.000000	0.000000	
0.000000	0.000000	0.000000	0.000000	
0.000000	0.000000	0.000000	0.000000	
0.000000	0.000000	0.000000	0.000000	
0.000000	0.000000	0.000000	0.000000	
0.000000	0.000000	0.000000	0.000000	
0.000000	0.000000	0.000000	0.000000	
0.000000	0.000000	0.000000	0.000000	
0.000000	0.000000	0.000000	0.000000	
0.000000	0.000000	0.000000	0.000000	
0.000000	0.000000	0.000000	0.000000	
0.000000	0.000000	0.000000	0.000000	
0.000000	0.000000	0.000000	0.000000	
0.000000	0.000000	0.000000	0.000000	
0.000000	0.000000	0.000000	0.000000	
0.000000	0.000000	0.000000	0.000000	
0.000000	0.000000	0.000000	0.000000	
0.000000	0.000000	0.000000	0.000000	
0.000000	0.000000	0.000000	0.000000	
0.000000	0.000000	0.000000	0.000000	
0.000000	0.000000	0.000000	0.000000	
0.000000	0.000000	0.000000	0.000000	
0.000000	0.000000	0.000000	0.000000	
0.000000	0.000000	0.000000	0.000000	
0.000000	0.000000	0.000000	0.000000	
0.000000	0.000000	0.000000	0.000000	
0.000000	0.000000	0.000000	0.000000	
0.000000	0.000000	0.000000	0.000000	
0.000000	0.000000	0.000000	0.000000	
0.000000	0.000000	0.000000	0.000000	
0.000000	0.000000	0.000000	0.000000	
0.000000	0.000000	0.000000	0.000000	
0.000000	0.000000	0.000000	0.000000	
0.000000	0.000000	0.000000	0.000000	
0.000000	0.000000	0.000000	0.000000	
0.000000	0.000000	0.000000	0.000000	
0.000000	0.000000	0.000000	0.000000	
0.000000	0.000000	0.000000	0.000000	
0.000000	0.000000	0.000000	0.000000	
0.000000	0.000000	0.000000	0.000000	
0.000000	0.000000	0.000000	0.000000	
0.000000	0.000000	0.000000	0.000000	
0.000000	0.000000	0.000000	0.000000	
0.000000	0.000000	0.000000	0.000000	
0.000000	0.000000	0.000000	0.000000	
0.000000	0.000000	0.000000	0.000000	
0.000000	0.000000	0.000000	0.000000	
0.000000	0.000000	0.000000	0.000000	
0.000000	0.000000	0.000000	0.000000	
0.000000	0.000000	0.000000	0.000000	
0.000000	0.000000	0.000000	0.000000	
0.000000	0.000000	0.000000	0.000000	
0.000000	0.000000	0.000000	0.000000	
0.000000	0.000000	0.000000	0.000000	
0.000000	0.000000	0.000000	0.000000	
0.000000	0.000000	0.000000	0.000000	
0.000000	0.000000	0.000000	0.000000	
0.000000	0.000000	0.000000	0.000000	
0.000000	0.000000	0.000000	0.000000	
0.000000	0.000000	0.000000	0.000000	
0.000000	0.000000	0.000000	0.000000	
0.000000	0.000000	0.000000	0.000000	
0.000000	0.000000	0.000000	0.000000	
0.000000	0.000000	0.000000	0.000000	
0.000000	0.000000	0.000000	0.000000	
0.000000	0.000000	0.000000	0.000000	
0.000000	0.000000	0.000000	0.000000	
0.000000	0.000000	0.000000	0.000000	
0.000000	0.000000	0.000000	0.000000	
0.000000	0.000000	0.000000	0.000000	
0.000000	0.000000	0.000000	0.000000	
0.000000	0.000000	0.000000	0.000000	
0.000000	0.000000	0.000000	0.000000	
0.000000	0.000000	0.000000	0.000000	
0.000000	0.000000	0.000000	0.000000	
0.000000	0.000000	0.000000	0.000000	
0.000000	0.000000	0.000000	0.000000	
0.000000	0.000000	0.000000	0.000000	
0.000000	0.000000	0.000000	0.000000	
0.000000	0.000000	0.000000	0.000000	
0.000000	0.000000	0.000000	0.000000	
0.000000	0.000000	0.000000	0.000000	
0.000000	0.000000	0.000000	0.000000	
0.000000	0.000000	0.000000	0.000000	
0.000000	0.000000	0.000000	0.000000	
0.000000	0.000000	0.000000	0.000000	
0.000000	0.000000	0.000000	0.000000	
0.000000	0.000000	0.000000	0.000000	
0.000000	0.000000	0.000000	0.000000	
0.000000	0.000000	0.000000	0.000000	
0.000000	0.000000	0.000000	0.000000	
0.000000	0.000000	0.000000	0.000000	
0.000000	0.000000	0.000000	0.000000	
0.000000	0.000000	0.000000	0.000000	
0.000000	0.000000	0.000000	0.000000	
0.000000	0.000000	0.000000	0.000000	
0.000000	0.000000	0.000000	0.000000	
0.000000	0.000000	0.000000	0.000000	
0.000000	0.000000	0.000000	0.000000	
0.000000	0.000000	0.000000	0.000000	
0.000000	0.000000	0.000000	0.000000	
0.000000	0.000000	0.000000	0.000000	
0.000000	0.000000	0.000000	0.000000	
0.000000	0.000000	0.000000	0.000000	
0.000000	0.000000	0.000000	0.000000	
0.000000	0.000000	0.000000	0.000000	
0.000000	0.000000	0.000000	0.000000	
0.000000	0.000000	0.000000	0.000000	
0.000000	0.000000	0.000000	0.000000	
0.000000	0.000000	0.000000	0.000000	
0.000000	0.000000	0.000000	0.000000	
0.000000	0.000000	0.000000	0.000000	
0.000000	0.000000	0.000000	0.000000	
0.000000	0.000000	0.000000	0.000000	
0.000000	0.000000	0.000000	0.000000	
0.000000	0.000000	0.000000	0.000000	
0.000000	0.000000	0.000000	0.000000	
0.000000	0.000000	0.000000	0.000000	
0.000000	0.000000	0.000000	0.000000	
0.000000	0.000000	0.000000	0.000000	
0.000000	0.000000	0.000000	0.000000	
0.000000	0.000000	0.000000	0.000000	
0.000000	0.000000	0.000000	0.000000	
0.000000	0.000000	0.000000	0.000000	
0.000000	0.000000	0.000000	0.000000	
0.000000	0.000000	0.000000	0.000000	
0.000000	0.000000	0.000000	0.000000	
0.000000	0.000000	0.000000	0.000000	
0.000000	0.000000	0.000000	0.000000	
0.000000	0.000000	0.000000	0.000000	
0.000000	0.000000	0.000000	0.000000	
0.000000	0.000000	0.000000	0.000000	
0.000000	0.000000	0.000000	0.000000	
0.000000	0.000000	0.000000	0.000000	
0.000000	0.000000	0.000000	0.000000	
0.000000	0.000000	0.000000	0.000000	
0.000000	0.000000	0.000000	0.000000	
0.000000	0.000000	0.000000	0.000000	
0.000000	0.000000	0.000000	0.000000	
0.000000	0.000000	0.000000	0.000000	
0.000000	0.000000	0.000000	0.000000	
0.000000	0.000000	0.000000	0.000000	
0.000000	0.000000	0.000000	0.000000	
0.000000	0.000000	0.000000	0.000000	
0.000000	0.000000	0.000000	0.000000	
0.000000	0.000000	0.000000	0.000000	
0.000000	0.000000	0.000000	0.000000	
0.000000	0.000000	0.000000	0.000000	
0.000000	0.000000	0.000000	0.000000	
0.000000	0.000000	0.000000	0.000000	
0.000000	0.000000	0.000000	0.000000	
0.000000	0.000000	0.000000	0.000000	
0.000000	0.000000	0.000000	0.000000	
0.000000	0.000000	0.000000	0.000000	
0.000000	0.000000	0.000000	0.000000	
0.000000	0.000000	0.000000	0.000000	
0.000000	0.000000	0.000000	0.000000	
0.000000	0.000000	0.000000	0.000000	
0.000000	0.000000	0.000000	0.000000	
0.000000	0.000000	0.000000	0.000000	
0.000000	0.000000	0.000000	0.000000	
0.000000	0.000000	0.000000	0.000000	
0.000000	0.000000	0.000000	0.000000	
0.000000	0.000000	0.000000	0.000000	
0.000000	0.000000	0.000000	0.000000	
0.000000	0.000000	0.000000	0.000000	
1.000000	-0.293210	-0.260000	-0.326944	
0.000000	0.000000	-0.100000	0.000000	
0.000000	0.000000	0.000000	0.000000	
0.000000	0.000000	0.000000	0.000000	
1.000000	0.280800	-0.284960	-0.370720	
0.000000	0.000000	0.000000	0.000000	
0.000000	0.000000	0.000000	0.000000	
0.000000	0.000000	0.000000	0.000000	
0.000000	0.000000	0.000000	0.000000	
0.000000	0.000000	0.000000	0.000000	
0.000000	0.000000	0.000000	0.000000	
0.000000	0.000000	0.000000	0.000000	
0.000000	0.000000	0.000000	0.000000	
0.000000	0.000000	0.000000	0.000000	
0.000000	0.000000	0.000000	0.000000	
0.000000	0.000000	0.000000	0.000000	
1.000000	0.108686	-0.482947	-0.459735	
0.676000	-0.200000	-0.360000	0.000000	
0.000000	0.000000	0.000000	0.000000	
0.000000	0.000000	0.000000	0.000000	
1.000000	-0.439826	-0.457050	-0.496114	
0.380000	-0.100000	-0.329600	0.000000	
0.000000	0.000000	0.000000	0.000000	
0.000000	0.000000	0.000000	0.000000	
0.000000	0.000000	0.000000	0.000000	
0.000000	0.000000	0.000000	0.000000	
0.000000	0.000000	0.000000	0.000000	
0.000000	0.000000	0.000000	0.000000	
0.000000	0.000000	0.000000	0.000000	
0.000000	0.000000	0.000000	0.000000	
0.000000	0.000000	0.000000	0.000000	
0.000000	0.000000	0.000000	0.000000	
0.000000	0.000000	0.000000	0.000000	
0.000000	0.000000	0.000000	0.000000	
0.000000	0.000000	0.000000	0.000000	
0.000000	0.000000	0.000000	0.000000	
0.000000	0.000000	0.000000	0.000000	
0.000000	0.000000	0.000000	0.000000	
0.000000	0.000000	0.000000	0.000000	
0.000000	0.000000	0.000000	0.000000	
0.000000	0.000000	0.000000	0.000000	
0.000000	0.000000	0.000000	0.000000	
0.000000	0.000000	0.000000	0.000000	
0.000000	0.000000	0.000000	0.000000	
0.000000	0.000000	0.000000	0.000000	
0.000000	0.000000	0.000000	0.000000	
0.000000	0.000000	0.000000	0.000000	
0.000000	0.000000	0.000000	0.000000	
0.000000	0.000000	0.000000	0.000000	
0.000000	0.000000	0.000000	0.000000	
0.000000	0.000000	0.000000	0.000000	
0.000000	0.000000	0.000000	0.000000	
0.000000	0.000000	0.000000	0.000000	
0.000000	0.000000	0.000000	0.000000	
0.000000	0.000000	0.000000	0.000000	
0.000000	0.000000	0.000000	0.000000	
0.000000	0.000000	0.000000	0.000000	
0.000000	0.000000	0.000000	0.000000	
0.000000	0.000000	0.000000	0.000000	
0.000000	0.000000	0.000000	0.000000	
0.000000	0.000000	0.000000	0.000000	
0.000000	0.000000	0.000000	0.000000	
0.000000	0.000000	0.000000	0.000000	
0.000000	0.000000	0.000000	0.000000	
0.000000	0.000000	0.000000	0.000000	
0.000000	0.000000	0.000000	0.000000	
0.000000	0.000000	0.000000	0.000000	
0.000000	0.000000	0.000000	0.000000	
0.000000	0.000000	0.000000	0.000000	
0.000000	0.000000	0.000000	0.000000	
0.000000	0.000000	0.000000	0.000000	
0.000000	0.000000	0.000000	0.000000	
0.000000	0.000000	0.000000	0.000000	
0.000000	0.000000	0.000000	0.000000	
0.000000	0.000000	0.000000	0.000000	
0.000000	0.000000	0.000000	0.000000	
0.000000	0.000000	0.000000	0.000000	
0.000000	0.000000	0.000000	0.000000	
0.000000	0.000000	0.000000	0.000000	
0.000000	0.000000	0.000000	0.000000	
0.000000	0.000000	0.000000	0.000000	
0.000000	0.000000	0.000000	0.000000	
0.000000	0.000000	0.000000	0.000000	
0.000000	0.000000	0.000000	0.000000	
0.000000	0.000000	0.000000	0.000000	
0.000000	0.000000	0.000000	0.000000	
0.000000	0.000000	0.000000	0.000000	
0.000000	0.000000	0.000000	0.000000	
0.000000	0.000000	0.000000	0.000000	
0.000000	0.000000	0.000000	0.000000	
0.000000	0.000000	0.000000	0.000000	
0.000000	0.000000	0.000000	0.000000	
0.000000	0.000000	0.000000	0.000000	
0.000000	0.000000	0.000000	0.000000	
0.000000	0.000000	0.000000	0.000000	
0.000000	0.000000	0.000000	0.000000	
0.000000	0.000000	0.000000	0.000000	
0.000000	0.000000	0.000000	0.000000	
0.000000	0.000000	0.000000	0.000000	
0.000000	0.000000	0.000000	0.000000	
0.000000	0.000000	0.000000	0.000000	
0.000000	0.000000	0.000000	0.000000	
0.000000	0.000000	0.000000	0.000000	
0.000000	0.000000	0.000000	0.000000	
0.000000	0.000000	0.000000	-0.100000	
0.000000	0.000000	0.000000	0.000000	
0.000000	0.000000	0.000000	0.000000	
0.000000	0.000000	0.000000	0.000000	
0.000000	0.000000	0.000000	0.000000	
0.000000	0.000000	0.000000	0.000000	
0.000000	0.000000	0.000000	0.000000	
0.000000	0.000000	0.000000	0.000000	
0.000000	0.000000	0.000000	0.000000	
0.000000	0.000000	0.000000	0.000000	
0.000000	0.000000	0.000000	0.000000	
0.000000	0.000000	0.000000	0.000000	
0.000000	0.000000	0.000000	0.000000	
0.000000	0.000000	0.000000	0.000000	
0.000000	0.000000	0.000000	0.000000	
0.000000	0.000000	0.000000	0.000000	
0.000000	0.000000	0.000000	0.000000	
0.000000	0.000000	0.000000	0.000000	
0.000000	0.000000	0.000000	0.000000	
0.000000	0.000000	0.000000	0.000000	
0.000000	0.000000	0.000000	0.000000	
0.000000	0.000000	0.000000	0.000000	
0.000000	0.000000	0.000000	0.000000	
0.000000	0.000000	0.000000	0.000000	
1.000000	-0.493328	-0.467788	-0.436102	
0.440000	0.000000	-0.100000	0.000000	
0.000000	0.000000	0.000000	0.000000	
0.000000	0.000000	0.000000	0.000000	
1.000000	-0.039200	-0.421357	-0.308000	
0.000000	0.000000	-0.100000	0.000000	
0.000000	0.000000	0.000000	0.000000	
0.000000	0.000000	0.000000	0.000000	
1.000000	-0.498805	-0.495388	-0.495745	
0.300000	0.000000	0.000000	-0.180000	
0.000000	0.000000	0.000000	0.000000	
0.000000	0.000000	0.000000	0.000000	
1.000000	-0.439280	-0.395142	-0.474230	
0.460000	-0.100000	0.000000	0.000000	
0.000000	0.000000	0.000000	0.000000	
0.000000	0.000000	0.000000	0.000000	
0.000000	0.000000	0.000000	0.000000	
0.000000	0.000000	0.000000	0.000000	
0.000000	0.000000	0.000000	0.000000	
0.000000	0.000000	0.000000	0.000000	
0.000000	0.000000	0.000000	0.000000	
0.000000	0.000000	0.000000	0.000000	
0.000000	0.000000	0.000000	0.000000	
0.000000	0.000000	0.000000	0.000000	
0.000000	0.000000	0.000000	0.000000	
0.000000	0.000000	0.000000	0.000000	
0.000000	0.000000	0.000000	0.000000	
0.000000	0.000000	0.000000	0.000000	
0.000000	0.000000	0.000000	0.000000	
0.000000	0.000000	0.000000	0.000000	
0.000000	0.000000	0.000000	0.000000	
0.000000	0.000000	0.000000	0.000000	
-0.200000	0.000000	0.300000	0.000000	
0.000000	0.000000	0.000000	0.000000	
0.000000	0.000000	0.000000	0.000000	
0.000000	0.000000	0.000000	0.000000	
0.000000	0.000000	0.000000	0.000000	
0.000000	0.000000	0.000000	0.000000	
0.000000	0.000000	0.000000	0.000000	
0.000000	0.000000	0.000000	0.000000	
0.000000	0.000000	0.000000	0.000000	
0.000000	0.000000	0.000000	0.000000	
0.000000	0.000000	0.000000	0.000000	
0.000000	0.000000	0.000000	0.000000	
0.000000	0.000000	0.000000	0.000000	
0.000000	0.000000	0.000000	0.000000	
0.000000	0.000000	0.000000	0.000000	
0.000000	0.000000	0.000000	0.000000	
0.000000	0.000000	0.000000	0.000000	
0.000000	0.000000	0.000000	0.000000	
0.000000	0.000000	0.000000	0.000000	
0.000000	0.000000	0.000000	0.000000	
0.000000	0.000000	0.000000	0.000000	
0.000000	0.000000	0.000000	0.000000	
0.000000	0.000000	0.000000	0.000000	
0.000000	0.000000	0.000000	0.000000	
0.000000	0.000000	0.000000	0.000000	
0.000000	0.000000	0.000000	0.000000	
0.000000	0.000000	0.000000	0.000000	
0.000000	0.000000	0.000000	0.000000	
0.000000	0.000000	0.000000	0.000000	
0.000000	0.000000	0.000000	0.000000	
0.000000	0.000000	0.000000	0.000000	
0.000000	0.000000	0.000000	0.000000	
1.000000	-0.500000	-0.500000	-0.500000	
1.000000	-0.499993	-0.500000	-0.500000	
0.000000	0.000000	0.000000	0.000000	
0.000000	0.000000	0.000000	0.000000	
1.000000	-0.500000	-0.500000	-0.500000	
1.000000	-0.100000	-0.100000	-0.100000	
0.000000	0.000000	0.000000	0.000000	
0.000000	0.000000	0.000000	0.000000	
0.000000	0.000000	0.000000	0.000000	
0.000000	0.000000	0.000000	0.000000	
0.000000	0.000000	0.000000	0.000000	
0.000000	0.000000	0.000000	0.000000	
0.000000	0.000000	0.000000	0.000000	
0.000000	0.000000	0.000000	0.000000	
0.000000	0.000000	0.000000	0.000000	
0.000000	0.000000	0.000000	0.000000	
0.000000	0.000000	0.000000	0.000000	
0.000000	0.000000	0.000000	0.000000	
0.000000	0.000000	0.000000	0.000000	
0.000000	0.000000	0.000000	0.000000	
0.000000	0.000000	0.000000	0.000000	
0.000000	0.000000	0.000000	0.000000	
0.000000	0.000000	0.000000	0.000000	
0.000000	0.000000	0.000000	0.000000	
0.000000	0.000000	0.000000	0.000000	
0.000000	0.000000	0.000000	0.000000	
0.000000	0.000000	0.000000	0.000000	
0.000000	0.000000	0.000000	0.000000	
0.000000	0.000000	0.000000	0.000000	
0.000000	0.000000	0.000000	0.000000	
0.000000	0.000000	0.000000	0.000000	
0.000000	0.000000	0.000000	0.000000	
-0.200000	0.000000	0.540000	0.000000	
0.000000	0.000000	0.000000	0.000000	
0.000000	0.000000	0.000000	0.000000	
0.000000	0.000000	0.000000	0.000000	
-0.200000	0.000000	0.300000	0.000000	
0.000000	0.000000	0.000000	0.000000	
0.000000	0.000000	0.000000	0.000000	
0.000000	0.000000	0.000000	0.000000	
0.000000	0.000000	0.000000	0.000000	
0.000000	0.000000	0.000000	0.000000	
0.000000	0.000000	0.000000	0.000000	
0.000000	0.000000	0.000000	0.000000	
0.000000	0.000000	0.000000	0.000000	
0.000000	0.000000	0.000000	0.000000	
0.000000	0.000000	0.000000	0.000000	
0.000000	0.000000	0.000000	0.000000	
0.000000	0.000000	0.000000	0.000000	
0.000000	0.000000	0.000000	0.000000	
0.000000	0.000000	0.000000	0.000000	
0.000000	0.000000	0.000000	0.000000	
0.000000	0.000000	0.000000	0.000000	
0.000000	0.000000	0.000000	0.000000	
0.000000	0.000000	0.000000	0.000000	
0.000000	0.000000	0.000000	0.000000	
0.000000	0.000000	0.000000	0.000000	
0.000000	0.000000	0.000000	0.000000	
0.000000	0.000000	0.000000	0.000000	
0.000000	0.000000	0.000000	0.000000	
0.000000	0.000000	0.000000	0.000000	
0.000000	0.000000	0.000000	0.000000	
1.000000	-0.180000	-0.244000	-0.260000	
1.000000	-0.372000	-0.410400	-0.361934	
1.000000	-0.481983	-0.494406	-0.487737	
1.000000	-0.200000	0.000000	0.000000	
0.000000	1.000000	-0.200000	-0.286800	
-0.180000	0.732000	-0.200000	-0.170000	
1.000000	-0.469574	-0.416127	-0.468523	
1.000000	0.000000	-0.260000	-0.100000	
0.000000	0.000000	0.000000	0.000000	
0.000000	0.000000	0.000000	0.000000	
0.000000	0.000000	0.000000	0.000000	
0.000000	0.000000	0.000000	0.000000	
0.000000	0.000000	0.000000	0.000000	
0.000000	0.000000	0.000000	0.000000	
0.000000	0.000000	0.000000	0.000000	
0.000000	0.000000	0.000000	0.000000	
0.000000	0.000000	0.000000	0.000000	
0.000000	0.000000	0.000000	0.000000	
0.000000	0.000000	0.000000	0.000000	
0.000000	0.000000	0.000000	0.000000	
0.000000	0.000000	0.000000	0.000000	
0.000000	0.000000	0.000000	0.000000	
0.000000	0.000000	0.000000	0.000000	
0.000000	0.000000	0.000000	0.000000	
-0.482099	-0.564410	1.000000	-0.487328	
0.000000	0.000000	1.000000	-0.100000	
-0.514120	-0.500000	1.000000	-0.500008	
-0.219600	-0.360000	0.987040	0.000000	
-0.100000	1.000000	-0.109813	-0.180000	
0.000000	0.000000	-0.260000	-0.200000	
-0.460823	-0.401696	1.000000	-0.440910	
0.000000	0.000000	0.000000	-0.200000	
0.000000	0.000000	0.000000	0.000000	
0.000000	0.000000	0.000000	0.000000	
0.000000	0.000000	0.000000	0.000000	
0.000000	0.000000	0.000000	0.000000	
0.000000	0.000000	0.000000	0.000000	
0.000000	0.000000	0.000000	0.000000	
0.000000	0.000000	0.000000	0.000000	
0.000000	0.000000	0.000000	0.000000	
0.000000	0.000000	0.000000	0.000000	
0.000000	0.000000	0.000000	0.000000	
0.000000	0.000000	0.000000	0.000000	
0.000000	0.000000	0.000000	0.000000	
0.000000	0.000000	0.000000	0.000000	
0.000000	0.000000	0.000000	0.000000	
0.000000	0.000000	0.000000	0.000000	
0.000000	0.000000	0.000000	0.000000	
0.000000	0.000000	0.000000	0.000000	
0.000000	0.000000	0.000000	0.000000	
0.000000	0.000000	0.000000	0.000000	
0.000000	0.000000	0.000000	0.000000	
0.000000	0.000000	0.000000	0.000000	
0.000000	0.000000	0.000000	0.000000	
0.000000	0.000000	0.000000	0.000000	
0.000000	0.000000	0.000000	0.000000	
0.000000	0.000000	0.000000	0.000000	
0.000000	0.000000	0.000000	0.000000	
0.000000	0.000000	0.000000	0.000000	
0.000000	0.000000	0.000000	0.000000	
0.000000	0.000000	0.000000	0.000000	
0.000000	0.000000	0.000000	0.000000	
0.000000	0.000000	0.000000	0.000000	
0.000000	0.000000	0.000000	0.000000	
0.000000	0.000000	0.000000	0.000000	
0.000000	0.000000	0.000000	0.000000	
0.000000	0.000000	0.000000	0.000000	
0.000000	0.000000	0.000000	0.000000	
0.000000	0.000000	0.000000	0.000000	
0.000000	0.000000	0.000000	0.000000	
0.000000	0.000000	0.000000	0.000000	
0.000000	0.000000	0.000000	0.000000	
0.000000	0.000000	0.000000	0.000000	
0.000000	0.000000	0.000000	0.000000	
0.000000	0.000000	0.000000	0.000000	
0.000000	0.000000	0.000000	0.000000	
0.000000	0.000000	0.000000	0.000000	
0.000000	0.000000	0.000000	0.000000	
0.000000	0.000000	0.000000	0.000000	
0.000000	0.000000	0.000000	0.000000	
0.000000	0.000000	0.000000	0.000000	
0.000000	0.000000	0.000000	0.000000	
0.000000	0.000000	0.000000	0.000000	
0.000000	0.000000	0.000000	0.000000	
0.000000	0.000000	0.000000	0.000000	
0.000000	0.000000	0.000000	0.000000	
0.000000	0.000000	0.000000	0.000000	
0.000000	0.000000	0.000000	0.000000	
0.000000	0.000000	0.000000	0.000000	
0.000000	0.000000	0.000000	0.000000	
0.000000	0.000000	0.000000	0.000000	
0.000000	0.000000	0.000000	0.000000	
0.000000	0.000000	0.000000	0.000000	
0.000000	0.000000	0.000000	0.000000	
0.000000	0.000000	0.000000	0.000000	
0.000000	0.000000	0.000000	0.000000	
0.000000	0.000000	0.000000	0.000000	
0.000000	0.000000	0.000000	0.000000	
0.000000	0.000000	0.000000	0.000000	
0.000000	0.000000	0.000000	0.000000	
0.000000	0.000000	0.000000	0.000000	
0.000000	0.000000	0.000000	0.000000	
0.000000	0.000000	0.000000	0.000000	
0.000000	0.000000	0.000000	0.000000	
0.000000	0.000000	0.000000	0.000000	
0.000000	0.000000	0.000000	0.000000	
0.000000	0.000000	0.000000	0.000000	
0.000000	0.000000	0.000000	0.000000	
0.000000	0.000000	0.000000	0.000000	
0.000000	0.000000	0.000000	0.000000	
0.000000	0.000000	0.000000	0.000000	
0.000000	0.000000	0.000000	0.000000	
0.000000	0.000000	0.000000	0.000000	
0.000000	0.000000	0.000000	0.000000	
0.000000	0.000000	0.000000	0.000000	
0.000000	0.000000	0.000000	0.000000	
0.000000	0.000000	0.000000	0.000000	
0.000000	0.000000	0.000000	0.000000	
0.000000	0.000000	0.000000	0.000000	
0.000000	0.000000	0.000000	0.000000	
0.000000	0.000000	0.000000	0.000000	
0.000000	0.000000	0.000000	0.000000	
0.000000	0.000000	0.000000	0.000000	
0.000000	0.000000	0.000000	0.000000	
0.000000	0.000000	0.000000	0.000000	
0.000000	0.000000	0.000000	0.000000	
0.000000	0.000000	0.000000	0.000000	
0.000000	0.000000	0.000000	0.000000	
0.000000	0.000000	0.000000	0.000000	
0.000000	0.000000	0.000000	0.000000	
0.000000	0.000000	0.000000	0.000000	
0.000000	0.000000	0.000000	0.000000	
0.000000	0.000000	0.000000	0.000000	
0.000000	0.000000	0.000000	0.000000	
0.000000	0.000000	0.000000	0.000000	
0.000000	0.000000	0.000000	0.000000	
0.000000	0.000000	0.000000	0.000000	
0.000000	0.000000	0.000000	0.000000	
0.000000	0.000000	0.000000	0.000000	
0.000000	0.000000	0.000000	0.000000	
0.000000	0.000000	0.000000	0.000000	
0.000000	0.000000	0.000000	0.000000	
0.000000	0.000000	0.000000	0.000000	
0.000000	0.000000	0.000000	0.000000	
0.000000	0.000000	0.000000	0.000000	
0.000000	0.000000	0.000000	0.000000	
0.000000	0.000000	0.000000	0.000000	
0.000000	0.000000	0.000000	0.000000	
0.000000	0.000000	0.000000	0.000000	
0.000000	0.000000	0.000000	0.000000	
0.000000	0.000000	0.000000	0.000000	
0.000000	0.000000	0.000000	0.000000	
0.000000	0.000000	0.000000	0.000000	
0.000000	0.000000	0.000000	0.000000	
0.000000	0.000000	0.000000	0.000000	
0.000000	0.000000	0.000000	0.000000	
0.000000	0.000000	0.000000	0.000000	
0.000000	0.000000	0.000000	0.000000	
0.000000	0.000000	0.000000	0.000000	
0.000000	0.000000	0.000000	0.000000	
0.000000	0.000000	0.000000	0.000000	
0.000000	0.000000	0.000000	0.000000	
0.000000	0.000000	0.000000	0.000000	
0.000000	0.000000	0.000000	0.000000	
0.000000	0.000000	0.000000	0.000000	
0.000000	0.000000	0.000000	0.000000	
0.000000	0.000000	0.000000	0.000000	
0.000000	0.000000	0.000000	0.000000	
0.000000	0.000000	0.000000	0.000000	
0.000000	0.000000	0.000000	0.000000	
0.000000	0.000000	0.000000	0.000000	
0.000000	0.000000	0.000000	0.000000	
0.000000	0.000000	0.000000	0.000000	
0.000000	0.000000	0.000000	0.000000	
0.000000	0.000000	0.000000	0.000000	
0.000000	0.000000	0.000000	0.000000	
0.000000	0.000000	0.000000	0.000000	
0.000000	0.000000	0.000000	0.000000	
0.000000	0.000000	0.000000	0.000000	
0.000000	0.000000	0.000000	0.000000	
0.000000	0.000000	0.000000	0.000000	
0.000000	0.000000	0.000000	0.000000	
0.000000	0.000000	0.000000	0.000000	
0.000000	0.000000	0.000000	0.000000	
0.000000	0.000000	0.000000	0.000000	
0.000000	0.000000	0.000000	0.000000	
0.000000	0.000000	0.000000	0.000000	
0.000000	0.000000	0.000000	0.000000	
0.000000	0.000000	0.000000	0.000000	
0.000000	0.000000	0.000000	0.000000	
0.000000	0.000000	0.000000	0.000000	
0.000000	0.000000	0.000000	0.000000	
0.000000	0.000000	0.000000	0.000000	
0.000000	0.000000	0.000000	0.000000	
0.000000	0.000000	0.000000	0.000000	
0.000000	0.000000	0.000000	0.000000	
0.000000	0.000000	0.000000	0.000000	
0.000000	0.000000	0.000000	0.000000	
0.000000	0.000000	0.000000	0.000000	
0.000000	0.000000	0.000000	0.000000	
0.000000	0.000000	0.000000	0.000000	
0.000000	0.000000	0.000000	0.000000	
0.000000	0.000000	0.000000	0.000000	
0.000000	0.000000	0.000000	0.000000	
0.000000	0.000000	0.000000	0.000000	
0.000000	0.000000	0.000000	0.000000	
0.000000	0.000000	0.000000	0.000000	
0.000000	0.000000	0.000000	0.000000	
0.000000	0.000000	0.000000	0.000000	
0.000000	0.000000	0.000000	0.000000	
0.000000	0.000000	0.000000	0.000000	
0.000000	0.000000	0.000000	0.000000	
0.000000	0.000000	0.000000	0.000000	
0.000000	0.000000	0.000000	0.000000	
0.000000	0.000000	0.000000	0.000000	
0.000000	0.000000	0.000000	0.000000	
0.000000	0.000000	0.000000	0.000000	
0.000000	0.000000	0.000000	0.000000	
0.000000	0.000000	0.000000	0.000000	
0.000000	0.000000	0.000000	0.000000	
0.000000	0.000000	0.000000	0.000000	
0.000000	0.000000	0.000000	0.000000	
0.000000	0.000000	0.000000	0.000000	
0.000000	0.000000	0.000000	0.000000	
0.000000	0.000000	0.000000	0.000000	
0.000000	0.000000	0.000000	0.000000	
0.000000	0.000000	0.000000	0.000000	
0.000000	0.000000	0.000000	0.000000	
0.000000	0.000000	0.000000	0.000000	
0.000000	0.000000	0.000000	0.000000	
0.000000	0.000000	0.000000	0.000000	
0.000000	0.000000	0.000000	0.000000	
0.000000	0.000000	0.000000	0.000000	
0.000000	0.000000	0.000000	0.000000	
0.000000	0.000000	0.000000	0.000000	
0.000000	0.000000	0.000000	0.000000	
0.000000	0.000000	0.000000	0.000000	
0.000000	0.000000	0.000000	0.000000	
0.000000	0.000000	0.000000	0.000000	
0.000000	0.000000	0.000000	0.000000	
0.000000	0.000000	0.000000	0.000000	
0.000000	0.000000	0.000000	0.000000	
0.000000	0.000000	0.000000	0.000000	
0.000000	0.000000	0.000000	0.000000	
0.000000	0.000000	0.000000	0.000000	
0.000000	0.000000	0.000000	0.000000	
0.000000	0.000000	0.000000	-0.100000	
0.000000	0.000000	0.000000	0.000000	
0.000000	0.000000	0.000000	0.000000	
0.000000	0.000000	0.000000	0.000000	
0.000000	0.000000	0.000000	0.000000	
0.000000	0.000000	0.000000	0.000000	
0.000000	0.000000	0.000000	0.000000	
0.000000	0.000000	0.000000	0.000000	
0.000000	0.000000	0.000000	0.000000	
0.000000	0.000000	0.000000	0.000000	
0.000000	0.000000	0.000000	0.000000	
0.000000	0.000000	0.000000	0.000000	
1.000000	-0.402195	-0.295200	-0.257553	
0.460000	0.000000	-0.200000	0.000000	
0.000000	0.000000	0.000000	0.000000	
0.000000	0.000000	0.000000	0.000000	
1.000000	-0.298420	-0.308000	-0.468000	
0.000000	0.000000	0.000000	-0.180000	
0.000000	0.000000	0.000000	0.000000	
0.000000	0.000000	0.000000	0.000000	
0.000000	0.000000	0.000000	0.000000	
0.000000	0.000000	0.000000	0.000000	
0.000000	0.000000	0.000000	0.000000	
0.000000	0.000000	0.000000	0.000000	
0.000000	0.000000	0.000000	0.000000	
0.000000	0.000000	0.000000	0.000000	
0.000000	0.000000	0.000000	0.000000	
0.000000	0.000000	0.000000	0.000000	
-0.495463	-0.495790	1.000000	-0.499426	
0.000000	0.000000	0.000000	0.000000	
0.000000	0.000000	0.000000	0.000000	
0.000000	0.000000	0.000000	0.000000	
-0.467788	-0.492860	1.000000	-0.480737	
0.000000	0.000000	0.000000	0.000000	
0.000000	0.000000	0.000000	0.000000	
0.000000	0.000000	0.000000	0.000000	
0.000000	0.000000	0.000000	0.000000	
0.000000	0.000000	0.000000	0.000000	
0.000000	0.000000	0.000000	0.000000	
0.000000	0.000000	0.000000	0.000000	
0.000000	0.000000	0.000000	0.000000	
0.000000	0.000000	0.000000	0.000000	
0.000000	0.000000	0.000000	0.000000	
0.000000	0.000000	0.000000	0.000000	
0.000000	0.000000	0.000000	0.000000	
0.000000	0.000000	0.000000	0.000000	
0.000000	0.000000	0.000000	0.000000	
0.000000	0.000000	0.000000	0.000000	
0.000000	0.000000	0.000000	0.000000	
0.000000	0.000000	0.000000	0.000000	
0.000000	0.000000	0.000000	0.000000	
0.000000	0.000000	0.000000	0.000000	
0.000000	0.000000	0.000000	0.000000	
0.000000	0.000000	0.000000	0.000000	
0.000000	0.000000	0.000000	0.000000	
0.000000	0.000000	0.000000	0.000000	
0.000000	0.000000	0.000000	0.000000	
0.000000	0.000000	0.000000	0.000000	
0.000000	0.000000	0.000000	0.000000	
0.000000	0.000000	0.000000	0.000000	
0.000000	0.000000	0.000000	0.000000	
0.000000	0.000000	0.000000	0.000000	
0.000000	0.000000	0.000000	0.000000	
0.000000	0.000000	0.000000	0.000000	
0.000000	0.000000	0.000000	0.000000	
0.000000	0.000000	0.000000	0.000000	
0.000000	0.000000	0.000000	0.000000	
0.000000	0.000000	0.000000	0.000000	
0.000000	0.000000	0.000000	0.000000	
0.000000	0.000000	0.000000	0.000000	
0.000000	0.000000	0.000000	0.000000	
0.000000	0.000000	0.000000	0.000000	
0.000000	0.000000	0.000000	0.000000	
0.000000	0.000000	0.000000	0.000000	
0.000000	0.000000	0.000000	0.000000	
0.000000	0.000000	0.000000	0.000000	
0.000000	0.000000	0.000000	0.000000	
0.000000	0.000000	0.000000	0.000000	
0.000000	0.000000	0.000000	0.000000	
0.000000	0.000000	0.000000	0.000000	
0.000000	0.000000	0.000000	0.000000	
0.000000	0.000000	0.000000	0.000000	
0.000000	0.000000	0.000000	0.000000	
0.000000	0.000000	0.000000	0.000000	
0.000000	0.000000	0.000000	0.000000	
0.000000	0.000000	0.000000	0.000000	
0.000000	0.000000	0.000000	0.000000	
0.000000	0.000000	0.000000	0.000000	
0.000000	0.000000	0.000000	0.000000	
0.000000	0.000000	0.000000	0.000000	
0.000000	0.000000	0.000000	0.000000	
0.000000	0.000000	0.000000	0.000000	
0.000000	0.000000	0.000000	0.000000	
0.000000	0.000000	0.000000	0.000000	
0.000000	0.000000	0.000000	0.000000	
0.000000	0.000000	0.000000	0.000000	
0.000000	0.000000	0.000000	0.000000	
0.000000	0.000000	0.000000	0.000000	
0.000000	0.000000	0.000000	0.000000	
0.000000	0.000000	0.000000	0.000000	
0.000000	0.000000	0.000000	0.000000	
0.000000	0.000000	0.000000	0.000000	
0.000000	0.000000	0.000000	0.000000	
0.000000	0.000000	0.000000	0.000000	
0.000000	0.000000	0.000000	0.000000	
0.000000	0.000000	0.000000	0.000000	
0.000000	0.000000	0.000000	0.000000	
0.000000	0.000000	0.000000	0.000000	
-0.360000	0.000000	0.000000	-0.100000	
0.000000	0.000000	0.000000	0.000000	
0.000000	0.000000	0.000000	0.000000	
0.000000	0.000000	0.000000	0.000000	
0.000000	0.000000	0.000000	0.000000	
0.000000	0.000000	0.000000	0.000000	
0.000000	0.000000	0.000000	0.000000	
0.000000	0.000000	0.000000	0.000000	
-0.360000	0.000000	0.000000	-0.100000	
0.000000	0.000000	0.000000	0.000000	
0.000000	0.000000	0.000000	0.000000	
0.000000	0.000000	0.000000	0.000000	
0.000000	-0.200000	0.000000	-0.100000	
0.000000	0.000000	0.000000	0.000000	
0.000000	0.000000	0.000000	0.000000	
0.000000	0.000000	0.000000	0.000000	
0.000000	0.000000	0.000000	0.000000	
0.000000	0.000000	0.000000	0.000000	
0.000000	0.000000	0.000000	0.000000	
0.000000	0.000000	0.000000	0.000000	
0.000000	0.000000	0.000000	0.000000	
0.000000	0.000000	0.000000	0.000000	
0.000000	0.000000	0.000000	0.000000	
0.000000	0.000000	0.000000	0.000000	
0.000000	0.000000	0.000000	0.000000	
0.000000	0.000000	0.000000	0.000000	
0.000000	0.000000	0.000000	0.000000	
0.000000	0.000000	0.000000	0.000000	
0.000000	0.000000	0.000000	0.000000	
0.000000	0.000000	0.000000	0.000000	
0.000000	0.000000	0.000000	0.000000	
0.000000	0.000000	0.000000	0.000000	
1.000000	-0.368928	0.000000	-0.457596	
0.300000	-0.200000	-0.488000	0.000000	
0.000000	0.000000	0.000000	0.000000	
0.000000	0.000000	0.000000	0.000000	
1.000000	-0.244000	-0.358278	-0.377120	
0.300000	0.000000	-0.360000	-0.110512	
0.000000	0.000000	0.000000	0.000000	
0.000000	0.000000	0.000000	0.000000	
1.000000	-0.498849	-0.499275	-0.499379	
0.000000	-0.100000	0.000000	0.000000	
0.000000	0.000000	0.000000	0.000000	
0.000000	0.000000	0.000000	0.000000	
1.000000	-0.488800	-0.495388	-0.495677	
0.000000	0.000000	0.000000	0.000000	
0.000000	0.000000	0.000000	0.000000	
0.000000	0.000000	0.000000	0.000000	
0.000000	0.000000	0.000000	0.000000	
0.000000	0.000000	0.000000	0.000000	
0.000000	0.000000	0.000000	0.000000	
0.000000	0.000000	0.000000	0.000000	
0.000000	0.000000	0.000000	0.000000	
0.000000	0.000000	0.000000	0.000000	
0.000000	0.000000	0.000000	0.000000	
0.000000	0.000000	0.000000	0.000000	
0.000000	0.000000	0.000000	0.000000	
0.000000	0.000000	0.000000	0.000000	
0.000000	0.000000	0.000000	0.000000	
0.000000	0.000000	0.000000	0.000000	
0.000000	0.000000	0.000000	0.000000	
0.000000	0.000000	0.000000	0.000000	
0.000000	0.000000	0.000000	0.000000	
0.000000	0.000000	0.000000	0.000000	
0.000000	0.000000	0.000000	0.000000	
0.000000	0.000000	0.000000	0.000000	
0.000000	0.000000	0.000000	0.000000	
0.000000	0.000000	0.000000	0.000000	
0.000000	0.000000	0.000000	0.000000	
0.000000	0.000000	0.000000	0.000000	
0.000000	0.000000	0.000000	0.000000	
0.000000	0.000000	0.000000	0.000000	
0.000000	0.000000	0.000000	0.000000	
0.000000	0.000000	0.000000	0.000000	
0.000000	0.000000	0.000000	0.000000	
0.000000	0.000000	0.000000	0.000000	
0.000000	0.000000	0.000000	0.000000	
0.000000	0.000000	0.000000	0.000000	
0.000000	0.000000	0.000000	0.000000	
0.000000	0.000000	0.000000	0.000000	
0.000000	0.000000	0.000000	0.000000	
0.000000	0.000000	0.000000	0.000000	
0.000000	0.000000	0.000000	0.000000	
0.000000	0.000000	0.000000	0.000000	
0.000000	0.000000	0.000000	0.000000	
0.000000	0.000000	0.000000	0.000000	
0.000000	0.000000	0.000000	0.000000	
0.000000	0.000000	0.000000	0.000000	
0.000000	0.000000	0.000000	0.000000	
0.000000	0.000000	0.000000	0.000000	
0.000000	0.000000	0.000000	0.000000	
0.000000	0.000000	0.000000	0.000000	
0.000000	0.000000	0.000000	0.000000	
0.000000	0.000000	0.000000	0.000000	
0.000000	0.000000	0.000000	0.000000	
0.000000	0.000000	0.000000	0.000000	
1.000000	-0.500000	-0.500000	-0.500000	
1.000000	-0.502176	-0.499950	-0.563958	
0.000000	0.000000	0.000000	0.000000	
0.000000	0.000000	0.000000	0.000000	
1.000000	-0.500000	-0.500000	-0.500000	
1.000000	-0.180000	-0.180000	-0.180000	
0.000000	0.000000	0.000000	0.000000	
0.000000	0.000000	0.000000	0.000000	
0.000000	0.000000	0.000000	0.000000	
0.000000	0.000000	0.000000	0.000000	
0.000000	0.000000	0.000000	0.000000	
0.000000	0.000000	0.000000	0.000000	
0.000000	0.000000	0.000000	0.000000	
0.000000	0.000000	0.000000	0.000000	
0.000000	0.000000	0.000000	0.000000	
0.000000	0.000000	0.000000	0.000000	
0.000000	0.000000	0.000000	0.000000	
0.000000	0.000000	0.000000	0.000000	
0.000000	0.000000	0.000000	0.000000	
0.000000	0.000000	0.000000	0.000000	
0.000000	0.000000	0.000000	0.000000	
0.000000	0.000000	0.000000	0.000000	
0.000000	0.000000	0.000000	0.000000	
0.000000	0.000000	0.000000	0.000000	
0.000000	0.000000	0.000000	0.000000	
0.000000	0.000000	0.000000	0.000000	
0.000000	0.000000	0.000000	0.000000	
0.000000	0.000000	0.000000	0.000000	
0.000000	0.000000	0.000000	0.000000	
0.000000	0.000000	0.000000	0.000000	
0.000000	0.000000	0.000000	0.000000	
0.000000	0.000000	0.000000	0.000000	
0.000000	0.000000	0.000000	0.000000	
0.000000	0.000000	0.000000	0.000000	
0.000000	0.000000	0.000000	0.000000	
0.000000	0.000000	0.000000	0.000000	
0.000000	0.000000	0.000000	0.000000	
0.000000	0.000000	0.000000	0.000000	
0.000000	0.000000	0.000000	0.000000	
0.000000	0.000000	0.000000	0.000000	
0.000000	0.000000	0.000000	0.000000	
0.000000	0.000000	0.000000	0.000000	
0.000000	0.000000	0.000000	0.000000	
0.000000	0.000000	0.000000	0.000000	
0.000000	0.000000	0.000000	0.000000	
0.000000	0.000000	0.000000	0.000000	
0.000000	0.000000	0.000000	0.000000	
0.000000	0.000000	0.000000	0.000000	
0.000000	0.000000	0.000000	0.000000	
0.000000	0.000000	0.000000	0.000000	
0.000000	0.000000	0.000000	0.000000	
0.000000	0.000000	0.000000	0.000000	
0.000000	0.000000	0.000000	0.000000	
0.000000	0.000000	0.000000	0.000000	
0.000000	0.000000	0.000000	0.000000	
0.000000	0.000000	0.000000	0.000000	
0.000000	0.000000	0.000000	0.000000	
0.000000	0.000000	0.000000	0.000000	
0.000000	0.000000	0.000000	0.000000	
0.000000	0.000000	0.000000	0.000000	
0.000000	0.000000	0.000000	0.000000	
0.000000	0.000000	0.000000	0.000000	
-0.360000	-0.391877	-0.387491	0.990954	
-0.281996	-0.200000	-0.219463	0.919821	
-0.493245	-0.495260	-0.523529	0.970764	
-0.269366	-0.200000	-0.118834	0.879464	
-0.187606	1.000000	-0.100059	-0.180000	
-0.100000	1.000000	0.000000	0.000000	
-0.477161	-0.401696	-0.494284	0.988204	
-0.276560	0.000000	-0.182000	0.729381	
0.000000	0.000000	0.000000	0.000000	
0.000000	0.000000	0.000000	0.000000	
0.000000	0.000000	0.000000	0.000000	
0.000000	0.000000	0.000000	0.000000	
0.000000	0.000000	0.000000	0.000000	
0.000000	0.000000	0.000000	0.000000	
0.000000	0.000000	0.000000	0.000000	
0.000000	0.000000	0.000000	0.000000	
0.000000	0.000000	0.000000	0.000000	
0.000000	0.000000	0.000000	0.000000	
0.000000	0.000000	0.000000	0.000000	
0.000000	0.000000	0.000000	0.000000	
0.000000	0.000000	0.000000	0.000000	
0.000000	0.000000	0.000000	0.000000	
0.000000	0.000000	0.000000	0.000000	
0.000000	0.000000	0.000000	0.000000	
-0.496806	-0.494235	1.000000	-0.483586	
-0.295200	-0.244000	1.000000	-0.307372	
-0.500413	-0.500001	1.000000	-0.503866	
-0.295200	-0.180000	1.000000	-0.180000	
-0.180000	1.000000	-0.100000	-0.100000	
0.000000	0.300000	0.000000	0.000000	
-0.295200	-0.368928	1.000000	-0.416114	
-0.200000	0.000000	0.000000	-0.388000	
0.000000	0.000000	0.000000	0.000000	
0.000000	0.000000	0.000000	0.000000	
0.000000	0.000000	0.000000	0.000000	
0.000000	0.000000	0.000000	0.000000	
0.000000	0.000000	0.000000	0.000000	
0.000000	0.000000	0.000000	0.000000	
0.000000	0.000000	0.000000	0.000000	
0.000000	0.000000	0.000000	0.000000	
0.000000	0.000000	0.000000	0.000000	
0.000000	0.000000	0.000000	0.000000	
0.000000	0.000000	0.000000	0.000000	
0.000000	0.000000	0.000000	0.000000	
0.000000	0.000000	0.000000	0.000000	
0.000000	0.000000	0.000000	0.000000	
0.000000	0.000000	0.000000	0.000000	
0.000000	0.000000	0.000000	0.000000	
0.000000	0.000000	0.000000	0.000000	
0.000000	0.000000	0.000000	0.000000	
0.000000	0.000000	0.000000	0.000000	
0.000000	0.000000	0.000000	0.000000	
0.000000	0.000000	0.000000	0.000000	
0.000000	0.000000	0.000000	0.000000	
0.000000	0.000000	0.000000	0.000000	
0.000000	0.000000	0.000000	0.000000	
0.000000	0.000000	0.000000	0.000000	
0.000000	0.000000	0.000000	0.000000	
0.000000	0.000000	0.000000	0.000000	
0.000000	0.000000	0.000000	0.000000	
0.000000	0.000000	0.000000	0.000000	
0.000000	0.000000	0.000000	0.000000	
0.000000	0.000000	0.000000	0.000000	
0.000000	0.000000	0.000000	0.000000	
0.000000	0.000000	0.000000	0.000000	
0.000000	0.000000	0.000000	0.000000	
0.000000	0.000000	0.000000	0.000000	
0.000000	0.000000	0.000000	0.000000	
0.000000	0.000000	0.000000	0.000000	
0.000000	0.000000	0.000000	0.000000	
0.000000	0.000000	0.000000	0.000000	
0.000000	0.000000	0.000000	0.000000	
0.000000	0.000000	0.000000	0.000000	
0.000000	0.000000	0.000000	0.000000	
0.000000	0.000000	0.000000	0.000000	
0.000000	0.000000	0.000000	0.000000	
0.000000	0.000000	0.000000	0.000000	
0.000000	0.000000	0.000000	0.000000	
0.000000	0.000000	0.000000	0.000000	
0.000000	0.000000	0.000000	0.000000	
0.000000	0.000000	0.000000	0.000000	
0.000000	0.000000	0.000000	0.000000	
0.000000	0.000000	0.000000	0.000000	
0.000000	0.000000	0.000000	0.000000	
0.000000	0.000000	0.000000	0.000000	
0.000000	0.000000	0.000000	0.000000	
0.000000	0.000000	0.000000	0.000000	
0.000000	0.000000	0.000000	0.000000	
0.000000	0.000000	0.000000	0.000000	
0.000000	0.000000	0.000000	0.000000	
0.000000	0.000000	0.000000	0.000000	
0.000000	0.000000	0.000000	0.000000	
0.000000	0.000000	0.000000	0.000000	
0.000000	0.000000	0.000000	0.000000	
0.000000	0.000000	0.000000	0.000000	
0.000000	0.000000	0.000000	0.000000	
0.000000	0.000000	0.000000	0.000000	
0.000000	0.000000	0.000000	0.000000	
0.000000	0.000000	0.000000	0.000000	
0.000000	0.000000	0.000000	0.000000	
0.000000	0.000000	0.000000	0.000000	
0.000000	0.000000	0.000000	0.000000	
0.000000	0.000000	0.000000	0.000000	
0.000000	0.000000	0.000000	0.000000	
0.000000	0.000000	0.000000	0.000000	
0.000000	0.000000	0.000000	0.000000	
0.000000	0.000000	0.000000	0.000000	
0.000000	0.000000	0.000000	0.000000	
0.000000	0.000000	0.000000	0.000000	
0.000000	0.000000	0.000000	0.000000	
0.000000	0.000000	0.000000	0.000000	
0.000000	0.000000	0.000000	0.000000	
0.000000	0.000000	0.000000	0.000000	
0.000000	0.000000	0.000000	0.000000	
0.000000	0.000000	0.000000	0.000000	
0.000000	0.000000	0.000000	0.000000	
0.000000	0.000000	0.000000	0.000000	
0.000000	0.000000	0.000000	0.000000	
0.000000	0.000000	0.000000	0.000000	
0.000000	0.000000	0.000000	0.000000	
0.000000	0.000000	0.000000	0.000000	
0.000000	0.000000	0.000000	0.000000	
0.000000	0.000000	0.000000	0.000000	
0.000000	0.000000	0.000000	0.000000	
0.000000	0.000000	0.000000	0.000000	
0.000000	0.000000	0.000000	0.000000	
0.000000	0.000000	0.000000	0.000000	
0.000000	0.000000	0.000000	0.000000	
0.000000	0.000000	0.000000	0.000000	
0.000000	0.000000	0.000000	0.000000	
0.000000	0.000000	0.000000	0.000000	
0.000000	0.000000	0.000000	0.000000	
0.000000	0.000000	0.000000	0.000000	
0.000000	0.000000	0.000000	0.000000	
0.000000	0.000000	0.000000	0.000000	
0.000000	0.000000	0.000000	0.000000	
0.000000	0.000000	0.000000	0.000000	
0.000000	0.000000	0.000000	0.000000	
0.000000	0.000000	0.000000	0.000000	
0.000000	0.000000	0.000000	0.000000	
0.000000	0.000000	0.000000	0.000000	
0.000000	0.000000	0.000000	0.000000	
0.000000	0.000000	0.000000	0.000000	
0.000000	0.000000	0.000000	0.000000	
0.000000	0.000000	0.000000	0.000000	
0.000000	0.000000	0.000000	0.000000	
0.000000	0.000000	0.000000	0.000000	
0.000000	0.000000	0.000000	0.000000	
0.000000	0.000000	0.000000	0.000000	
0.000000	0.000000	0.000000	0.000000	
0.000000	0.000000	0.000000	0.000000	
0.000000	0.000000	0.000000	0.000000	
0.000000	0.000000	0.000000	0.000000	
0.000000	0.000000	0.000000	0.000000	
0.000000	0.000000	0.000000	0.000000	
0.000000	0.000000	0.000000	0.000000	
0.000000	0.000000	0.000000	0.000000	
0.000000	0.000000	0.000000	0.000000	
0.000000	0.000000	0.000000	0.000000	
0.000000	0.000000	0.000000	0.000000	
0.000000	0.000000	0.000000	0.000000	
0.000000	0.000000	0.000000	0.000000	
0.000000	0.000000	0.000000	0.000000	
0.000000	0.000000	0.000000	0.000000	
0.000000	0.000000	0.000000	0.000000	
0.000000	0.000000	0.000000	0.000000	
0.000000	0.000000	0.000000	0.000000	
0.000000	0.000000	0.000000	0.000000	
0.000000	0.000000	0.000000	0.000000	
0.000000	0.000000	0.000000	0.000000	
0.000000	0.000000	0.000000	0.000000	
0.000000	0.000000	0.000000	0.000000	
0.000000	0.000000	0.000000	0.000000	
0.000000	0.000000	0.000000	0.000000	
0.000000	0.000000	0.000000	0.000000	
0.000000	0.000000	0.000000	0.000000	
0.000000	0.000000	0.000000	0.000000	
0.000000	0.000000	0.000000	0.000000	
0.000000	0.000000	0.000000	0.000000	
0.000000	0.000000	0.000000	0.000000	
0.000000	0.000000	0.000000	0.000000	
0.000000	0.000000	0.000000	0.000000	
0.000000	0.000000	0.000000	0.000000	
0.000000	0.000000	0.000000	0.000000	
0.000000	0.000000	0.000000	0.000000	
0.000000	0.000000	0.000000	0.000000	
0.000000	0.000000	0.000000	0.000000	
0.000000	0.000000	0.000000	0.000000	
0.000000	0.000000	0.000000	0.000000	
0.000000	0.000000	0.000000	0.000000	
0.000000	0.000000	0.000000	0.000000	
0.000000	0.000000	0.000000	0.000000	
0.000000	0.000000	0.000000	0.000000	
0.000000	0.000000	0.000000	0.000000	
0.000000	0.000000	0.000000	0.000000	
0.000000	0.000000	0.000000	0.000000	
0.000000	0.000000	0.000000	0.000000	
0.000000	0.000000	0.000000	0.000000	
0.000000	0.000000	0.000000	0.000000	
0.000000	0.000000	0.000000	0.000000	
0.000000	0.000000	0.000000	0.000000	
0.000000	0.000000	0.000000	0.000000	
0.000000	0.000000	0.000000	0.000000	
0.000000	0.000000	0.000000	0.000000	
0.000000	0.000000	0.000000	0.000000	
0.000000	0.000000	0.000000	0.000000	
0.000000	0.000000	0.000000	0.000000	
0.000000	0.000000	0.000000	0.000000	
0.000000	0.000000	0.000000	0.000000	
0.000000	0.000000	0.000000	0.000000	
0.000000	0.000000	0.000000	0.000000	
0.000000	0.000000	0.000000	0.000000	
0.000000	0.000000	0.000000	0.000000	
0.000000	0.000000	0.000000	0.000000	
0.000000	0.000000	0.000000	0.000000	
0.000000	0.000000	0.000000	0.000000	
0.000000	0.000000	0.000000	0.000000	
0.000000	0.000000	0.000000	0.000000	
0.000000	0.000000	0.000000	0.000000	
0.000000	0.000000	0.000000	0.000000	
0.000000	0.000000	0.000000	0.000000	
0.000000	0.000000	0.000000	0.000000	
0.000000	0.000000	0.000000	0.000000	
0.000000	0.000000	0.000000	0.000000	
0.000000	0.000000	0.000000	0.000000	
0.000000	0.000000	0.000000	0.000000	
0.000000	0.000000	0.000000	0.000000	
0.000000	0.000000	0.000000	0.000000	
0.000000	0.000000	0.000000	0.000000	
0.000000	0.000000	0.000000	0.000000	
0.000000	0.000000	0.000000	0.000000	
0.000000	0.000000	0.000000	0.000000	
0.000000	0.000000	0.000000	0.000000	
0.000000	0.000000	0.000000	0.000000	
0.000000	0.000000	0.000000	0.000000	
0.000000	0.000000	0.000000	0.000000	
0.000000	0.000000	0.000000	0.000000	
0.000000	0.000000	0.000000	0.000000	
0.000000	0.000000	0.000000	0.000000	
0.000000	0.000000	0.000000	0.000000	
0.000000	0.000000	0.000000	0.000000	
0.000000	0.000000	0.000000	0.000000	
0.000000	0.000000	0.000000	0.000000	
0.000000	0.000000	0.000000	0.000000	
0.000000	0.000000	0.000000	0.000000	
0.000000	0.000000	0.000000	0.000000	
0.000000	0.000000	0.000000	0.000000	
0.000000	0.000000	0.000000	0.000000	
0.000000	0.000000	0.000000	0.000000	
0.000000	0.000000	0.000000	0.000000	
0.000000	0.000000	0.000000	0.000000	
0.000000	0.000000	0.000000	0.000000	
0.000000	0.000000	0.000000	0.000000	
0.000000	0.000000	0.000000	0.000000	
0.000000	0.000000	0.000000	0.000000	
0.000000	0.000000	0.000000	0.000000	
0.000000	0.000000	0.000000	0.000000	
0.000000	0.000000	0.000000	0.000000	
1.000000	-0.412445	0.000000	-0.259280	
0.798400	0.000000	-0.200000	0.000000	
0.000000	0.000000	0.000000	0.000000	
0.000000	0.000000	0.000000	0.000000	
1.000000	-0.229600	-0.100000	0.000000	
0.299686	0.000000	0.000000	-0.200000	
0.000000	0.000000	0.000000	0.000000	
0.000000	0.000000	0.000000	0.000000	
0.000000	0.000000	0.000000	0.000000	
0.000000	0.000000	0.000000	0.000000	
0.000000	0.000000	0.000000	0.000000	
0.000000	0.000000	0.000000	0.000000	
0.000000	0.000000	0.000000	0.000000	
0.000000	0.000000	0.000000	0.000000	
0.000000	0.000000	0.000000	0.000000	
0.000000	0.000000	0.000000	0.000000	
-0.499226	-0.496259	1.000000	-0.494596	
-0.200000	0.000000	0.460000	0.000000	
0.000000	0.000000	0.000000	0.000000	
0.000000	0.000000	0.000000	0.000000	
-0.482877	-0.482408	1.000000	-0.486408	
0.000000	0.000000	0.000000	-0.160960	
0.000000	0.000000	0.000000	0.000000	
0.000000	0.000000	0.000000	0.000000	
0.000000	0.000000	0.000000	0.000000	
0.000000	0.000000	0.000000	0.000000	
0.000000	0.000000	0.000000	0.000000	
0.000000	0.000000	0.000000	0.000000	
0.000000	0.000000	0.000000	0.000000	
0.000000	0.000000	0.000000	0.000000	
0.000000	0.000000	0.000000	0.000000	
0.000000	0.000000	0.000000	0.000000	
0.000000	0.000000	0.000000	0.000000	
0.000000	0.000000	0.000000	0.000000	
0.000000	0.000000	0.000000	0.000000	
0.000000	0.000000	0.000000	0.000000	
0.000000	0.000000	0.000000	0.000000	
0.000000	0.000000	0.000000	0.000000	
0.000000	0.000000	0.000000	0.000000	
0.000000	0.000000	0.000000	0.000000	
0.000000	0.000000	0.000000	0.000000	
0.000000	0.000000	0.000000	0.000000	
0.000000	0.000000	0.000000	0.000000	
0.000000	0.000000	0.000000	0.000000	
0.000000	0.000000	0.000000	0.000000	
0.000000	0.000000	0.000000	0.000000	
0.000000	0.000000	0.000000	0.000000	
0.000000	0.000000	0.000000	0.000000	
0.000000	0.000000	0.000000	0.000000	
0.000000	0.000000	0.000000	0.000000	
0.000000	0.000000	0.000000	0.000000	
0.000000	0.000000	0.000000	0.000000	
0.000000	0.000000	0.000000	0.000000	
0.000000	0.000000	0.000000	0.000000	
0.000000	0.000000	0.000000	0.000000	
0.000000	0.000000	0.000000	0.000000	
0.000000	0.000000	0.000000	0.000000	
0.000000	0.000000	0.000000	0.000000	
0.000000	0.000000	0.000000	0.000000	
0.000000	0.000000	0.000000	0.000000	
0.000000	0.000000	0.000000	0.000000	
0.000000	0.000000	0.000000	0.000000	
0.000000	0.000000	0.000000	0.000000	
0.000000	0.000000	0.000000	0.000000	
0.000000	0.000000	0.000000	0.000000	
0.000000	0.000000	0.000000	0.000000	
0.000000	0.000000	0.000000	0.000000	
0.000000	0.000000	0.000000	0.000000	
0.000000	0.000000	0.000000	0.000000	
0.000000	0.000000	0.000000	0.000000	
0.000000	0.000000	0.000000	0.000000	
0.000000	0.000000	0.000000	0.000000	
0.000000	0.000000	0.000000	0.000000	
0.000000	0.000000	0.000000	0.000000	
0.000000	0.000000	0.000000	0.000000	
0.000000	0.000000	0.000000	0.000000	
0.000000	0.000000	0.000000	0.000000	
0.000000	0.000000	0.000000	0.000000	
0.000000	0.000000	0.000000	0.000000	
0.000000	0.000000	0.000000	0.000000	
0.000000	0.000000	0.000000	0.000000	
0.000000	0.000000	0.000000	0.000000	
0.000000	0.000000	0.000000	0.000000	
0.000000	0.000000	0.000000	0.000000	
0.000000	0.000000	0.000000	0.000000	
0.000000	0.000000	0.000000	0.000000	
0.000000	0.000000	0.000000	0.000000	
0.000000	0.000000	0.000000	0.000000	
0.000000	0.000000	0.000000	0.000000	
0.000000	0.000000	0.000000	0.000000	
0.000000	0.000000	0.000000	0.000000	
0.000000	0.000000	0.000000	0.000000	
0.000000	0.000000	0.000000	0.000000	
0.000000	0.000000	0.000000	0.000000	
0.000000	0.000000	0.000000	0.000000	
0.000000	0.000000	0.000000	0.000000	
0.000000	0.000000	0.000000	0.000000	
0.000000	0.000000	0.000000	0.000000	
0.000000	0.000000	0.000000	0.000000	
0.000000	0.000000	0.000000	0.000000	
0.000000	0.000000	0.000000	0.000000	
0.000000	0.000000	0.000000	0.000000	
0.000000	0.000000	0.000000	0.000000	
0.000000	0.000000	0.000000	0.000000	
0.000000	0.000000	0.000000	0.000000	
0.000000	0.000000	0.000000	0.000000	
0.000000	0.000000	0.000000	0.000000	
0.000000	0.000000	0.000000	0.000000	
0.000000	0.000000	0.000000	0.000000	
0.000000	0.000000	0.000000	0.000000	
0.000000	0.000000	0.000000	0.000000	
0.000000	0.000000	0.000000	0.000000	
0.000000	0.000000	0.000000	0.000000	
0.000000	0.000000	0.000000	0.000000	
0.000000	0.000000	0.000000	0.000000	
0.000000	0.000000	0.000000	0.000000	
0.000000	0.000000	0.000000	0.000000	
0.000000	0.000000	0.000000	0.000000	
0.000000	0.000000	0.000000	0.000000	
0.000000	0.000000	0.000000	0.000000	
0.000000	0.000000	0.000000	0.000000	
0.000000	0.000000	0.000000	0.000000	
0.000000	0.000000	0.000000	0.000000	
0.000000	0.000000	0.000000	0.000000	
0.000000	0.000000	0.000000	0.000000	
0.000000	0.000000	0.000000	0.000000	
0.000000	0.000000	0.000000	0.000000	
0.000000	0.000000	0.000000	0.000000	
1.000000	-0.336160	-0.301903	-0.392341	
0.000000	-0.260000	0.000000	0.000000	
0.000000	0.000000	0.000000	0.000000	
0.000000	0.000000	0.000000	0.000000	
1.000000	-0.244000	-0.180000	-0.253393	
0.000000	0.000000	0.000000	0.000000	
0.000000	0.000000	0.000000	0.000000	
0.000000	0.000000	0.000000	0.000000	
1.000000	-0.507299	-0.498625	-0.499505	
0.000000	0.000000	0.000000	-0.260000	
0.000000	0.000000	0.000000	0.000000	
0.000000	0.000000	0.000000	0.000000	
1.000000	-0.498515	-0.499636	-0.509604	
0.000000	-0.100000	-0.200000	-0.200000	
0.000000	0.000000	0.000000	0.000000	
0.000000	0.000000	0.000000	0.000000	
0.000000	0.000000	0.000000	0.000000	
0.000000	0.000000	0.000000	0.000000	
0.000000	0.000000	0.000000	0.000000	
0.000000	0.000000	0.000000	0.000000	
0.000000	0.000000	0.000000	0.000000	
0.000000	0.000000	0.000000	0.000000	
0.000000	0.000000	0.000000	0.000000	
0.000000	0.000000	0.000000	0.000000	
0.000000	0.000000	0.000000	0.000000	
0.000000	0.000000	0.000000	0.000000	
0.000000	0.000000	0.000000	0.000000	
0.000000	0.000000	0.000000	0.000000	
0.000000	0.000000	0.000000	0.000000	
0.000000	0.000000	0.000000	0.000000	
