0.000000	0.000000	0.000000	0.000000	
0.000000	0.000000	0.000000	0.000000	
0.000000	0.000000	0.000000	0.000000	
0.000000	0.000000	0.000000	0.000000	
0.000000	0.000000	0.000000	0.000000	
0.000000	0.000000	0.000000	0.000000	
0.000000	0.000000	0.000000	0.000000	
0.000000	0.000000	0.000000	0.000000	
0.000000	0.000000	0.000000	0.000000	
0.000000	0.000000	0.000000	0.000000	
0.000000	0.000000	0.000000	0.000000	
0.000000	0.000000	0.000000	0.000000	
0.000000	0.000000	0.000000	0.000000	
0.000000	0.000000	0.000000	0.000000	
0.000000	0.000000	0.000000	0.000000	
0.000000	0.000000	0.000000	0.000000	
0.000000	0.000000	0.000000	0.000000	
0.000000	0.000000	0.000000	0.000000	
0.000000	0.000000	0.000000	0.000000	
0.000000	0.000000	0.000000	0.000000	
0.000000	0.000000	0.000000	0.000000	
0.000000	0.000000	0.000000	0.000000	
0.000000	0.000000	0.000000	0.000000	
0.000000	0.000000	0.000000	0.000000	
0.000000	0.000000	0.000000	0.000000	
0.000000	0.000000	0.000000	0.000000	
0.000000	0.000000	0.000000	0.000000	
0.000000	0.000000	0.000000	0.000000	
0.000000	0.000000	0.000000	0.000000	
0.000000	0.000000	0.000000	0.000000	
0.000000	0.000000	0.000000	0.000000	
0.000000	0.000000	0.000000	0.000000	
0.000000	0.000000	0.000000	0.000000	
0.000000	0.000000	0.000000	0.000000	
1.000000	-0.455508	-0.500000	-0.500000	
1.000000	0.032760	-0.499999	-0.154440	
0.000000	0.000000	0.000000	0.000000	
0.000000	0.000000	0.000000	0.000000	
1.000000	-0.499836	-0.499934	-0.499716	
1.000000	0.220000	-0.200000	-0.180000	
0.000000	0.000000	0.000000	0.000000	
0.000000	0.000000	0.000000	0.000000	
0.000000	0.000000	0.000000	0.000000	
0.000000	0.000000	0.000000	0.000000	
0.000000	0.000000	0.000000	0.000000	
0.000000	0.000000	0.000000	0.000000	
0.000000	0.000000	0.000000	0.000000	
0.000000	0.000000	0.000000	0.000000	
0.000000	0.000000	0.000000	0.000000	
0.000000	0.000000	0.000000	0.000000	
0.000000	0.000000	0.000000	0.000000	
0.000000	0.000000	0.000000	0.000000	
0.000000	0.000000	0.000000	0.000000	
0.000000	0.000000	0.000000	0.000000	
0.000000	0.000000	0.000000	0.000000	
0.000000	0.000000	0.000000	0.000000	
0.000000	0.000000	0.000000	0.000000	
0.000000	0.000000	0.000000	0.000000	
0.000000	0.000000	0.000000	0.000000	
0.000000	0.000000	0.000000	0.000000	
0.000000	0.000000	0.000000	0.000000	
0.000000	0.000000	0.000000	0.000000	
0.000000	0.000000	0.000000	0.000000	
0.000000	0.000000	0.000000	0.000000	
0.000000	0.000000	0.000000	0.000000	
0.000000	0.000000	0.000000	0.000000	
0.000000	0.000000	0.000000	0.000000	
0.000000	0.000000	0.000000	0.000000	
0.000000	0.000000	0.000000	0.000000	
0.000000	0.000000	0.000000	0.000000	
0.000000	0.000000	0.000000	0.000000	
0.000000	0.000000	0.000000	0.000000	
0.000000	0.000000	0.000000	0.000000	
0.000000	0.000000	0.000000	0.000000	
0.000000	0.000000	0.000000	0.000000	
0.000000	0.000000	0.000000	0.000000	
0.000000	0.000000	0.000000	0.000000	
0.000000	0.000000	0.000000	0.000000	
0.000000	0.000000	0.000000	0.000000	
0.000000	0.000000	0.000000	0.000000	
0.000000	0.000000	0.000000	0.000000	
0.000000	0.000000	0.000000	0.000000	
0.000000	0.000000	0.000000	0.000000	
0.000000	0.000000	0.000000	0.000000	
0.000000	0.000000	0.000000	0.000000	
0.000000	0.000000	0.000000	0.000000	
0.000000	0.000000	0.000000	0.000000	
0.000000	0.000000	0.000000	0.000000	
0.000000	0.000000	0.000000	0.000000	
0.000000	0.000000	0.000000	0.000000	
0.000000	0.000000	0.000000	0.000000	
0.000000	0.000000	0.000000	0.000000	
0.000000	0.000000	0.000000	0.000000	
0.000000	0.000000	0.000000	0.000000	
0.000000	0.000000	0.000000	0.000000	
0.000000	0.000000	0.000000	0.000000	
1.000000	-0.146000	-0.191440	-0.200000	
0.000000	-0.200000	0.000000	-0.200000	
1.000000	-0.365782	-0.489445	-0.500556	
1.000000	-0.433800	-0.200000	-0.200000	
-0.180000	1.000000	-0.214957	-0.200000	
0.000000	0.300000	-0.200000	0.000000	
1.000000	-0.339054	-0.487571	-0.421357	
0.916192	0.000000	0.000000	0.000000	
0.000000	0.000000	0.000000	0.000000	
0.000000	0.000000	0.000000	0.000000	
0.000000	0.000000	0.000000	0.000000	
0.000000	0.000000	0.000000	0.000000	
0.000000	0.000000	0.000000	0.000000	
0.000000	0.000000	0.000000	0.000000	
0.000000	0.000000	0.000000	0.000000	
0.000000	0.000000	0.000000	0.000000	
0.000000	0.000000	0.000000	0.000000	
0.000000	0.000000	0.000000	0.000000	
0.000000	0.000000	0.000000	0.000000	
0.000000	0.000000	0.000000	0.000000	
0.000000	0.000000	0.000000	0.000000	
0.000000	0.000000	0.000000	0.000000	
0.000000	0.000000	0.000000	0.000000	
0.000000	0.000000	0.000000	0.000000	
-0.180000	-0.432891	1.000000	-0.332000	
0.000000	0.000000	0.000000	0.000000	
-0.500428	-0.499715	1.000000	-0.499780	
-0.100000	-0.657574	0.676000	-0.100000	
-0.200000	1.000000	-0.184024	0.000000	
0.000000	0.000000	0.000000	0.000000	
-0.180000	0.151478	1.000000	-0.416114	
0.000000	0.000000	0.000000	0.000000	
0.000000	0.000000	0.000000	0.000000	
0.000000	0.000000	0.000000	0.000000	
0.000000	0.000000	0.000000	0.000000	
0.000000	0.000000	0.000000	0.000000	
0.000000	0.000000	0.000000	0.000000	
0.000000	0.000000	0.000000	0.000000	
0.000000	0.000000	0.000000	0.000000	
0.000000	0.000000	0.000000	0.000000	
0.000000	0.000000	0.000000	0.000000	
0.000000	0.000000	0.000000	0.000000	
0.000000	0.000000	0.000000	0.000000	
0.000000	0.000000	0.000000	0.000000	
0.000000	0.000000	0.000000	0.000000	
0.000000	0.000000	0.000000	0.000000	
0.000000	0.000000	0.000000	0.000000	
0.000000	0.000000	0.000000	0.000000	
0.000000	0.000000	0.000000	0.000000	
0.000000	0.000000	0.000000	0.000000	
0.000000	0.000000	0.000000	0.000000	
0.000000	0.000000	0.000000	0.000000	
0.000000	0.000000	0.000000	0.000000	
0.000000	0.000000	0.000000	0.000000	
0.000000	0.000000	0.000000	0.000000	
0.000000	0.000000	0.000000	0.000000	
0.000000	0.000000	0.000000	0.000000	
0.000000	0.000000	0.000000	0.000000	
0.000000	0.000000	0.000000	0.000000	
0.000000	0.000000	0.000000	0.000000	
0.000000	0.000000	0.000000	0.000000	
0.000000	0.000000	0.000000	0.000000	
0.000000	0.000000	0.000000	0.000000	
0.000000	0.000000	0.000000	0.000000	
0.000000	0.000000	0.000000	0.000000	
0.000000	0.000000	0.000000	0.000000	
0.000000	0.000000	0.000000	0.000000	
0.000000	0.000000	0.000000	0.000000	
0.000000	0.000000	0.000000	0.000000	
0.000000	0.000000	0.000000	0.000000	
0.000000	0.000000	0.000000	0.000000	
0.000000	0.000000	0.000000	0.000000	
0.000000	0.000000	0.000000	0.000000	
0.000000	0.000000	0.000000	0.000000	
0.000000	0.000000	0.000000	0.000000	
0.000000	0.000000	0.000000	0.000000	
0.000000	0.000000	0.000000	0.000000	
0.000000	0.000000	0.000000	0.000000	
0.000000	0.000000	0.000000	0.000000	
0.000000	0.000000	0.000000	0.000000	
0.000000	0.000000	0.000000	0.000000	
0.000000	0.000000	0.000000	0.000000	
0.000000	0.000000	0.000000	0.000000	
0.000000	0.000000	0.000000	0.000000	
0.000000	0.000000	0.000000	0.000000	
0.000000	0.000000	0.000000	0.000000	
0.000000	0.000000	0.000000	0.000000	
0.000000	0.000000	0.000000	0.000000	
0.000000	0.000000	0.000000	0.000000	
0.000000	0.000000	0.000000	0.000000	
0.000000	0.000000	0.000000	0.000000	
0.000000	0.000000	0.000000	0.000000	
0.000000	0.000000	0.000000	0.000000	
0.000000	0.000000	0.000000	0.000000	
0.000000	0.000000	0.000000	0.000000	
0.000000	0.000000	0.000000	0.000000	
0.000000	0.000000	0.000000	0.000000	
0.000000	0.000000	0.000000	0.000000	
0.000000	0.000000	0.000000	0.000000	
0.000000	0.000000	0.000000	0.000000	
0.000000	0.000000	0.000000	0.000000	
0.000000	0.000000	0.000000	0.000000	
0.000000	0.000000	0.000000	0.000000	
0.000000	0.000000	0.000000	0.000000	
0.000000	0.000000	0.000000	0.000000	
0.000000	0.000000	0.000000	0.000000	
0.000000	0.000000	0.000000	0.000000	
0.000000	0.000000	0.000000	0.000000	
0.000000	0.000000	0.000000	0.000000	
0.000000	0.000000	0.000000	0.000000	
0.000000	0.000000	0.000000	0.000000	
0.000000	0.000000	0.000000	0.000000	
0.000000	0.000000	0.000000	0.000000	
0.000000	0.000000	0.000000	0.000000	
0.000000	0.000000	0.000000	0.000000	
0.000000	0.000000	0.000000	0.000000	
0.000000	0.000000	0.000000	0.000000	
0.000000	0.000000	0.000000	0.000000	
0.000000	0.000000	0.000000	0.000000	
0.000000	0.000000	0.000000	0.000000	
0.000000	0.000000	0.000000	0.000000	
0.000000	0.000000	0.000000	0.000000	
0.000000	0.000000	0.000000	0.000000	
0.000000	0.000000	0.000000	0.000000	
0.000000	0.000000	0.000000	0.000000	
0.000000	0.000000	0.000000	0.000000	
0.000000	0.000000	0.000000	0.000000	
0.000000	0.000000	0.000000	0.000000	
0.000000	0.000000	0.000000	0.000000	
0.000000	0.000000	0.000000	0.000000	
0.000000	0.000000	0.000000	0.000000	
0.000000	0.000000	0.000000	0.000000	
0.000000	0.000000	0.000000	0.000000	
0.000000	0.000000	0.000000	0.000000	
0.000000	0.000000	0.000000	0.000000	
0.000000	0.000000	0.000000	0.000000	
0.000000	0.000000	0.000000	0.000000	
0.000000	0.000000	0.000000	0.000000	
0.000000	0.000000	0.000000	0.000000	
0.000000	0.000000	0.000000	0.000000	
0.000000	0.000000	0.000000	0.000000	
0.000000	0.000000	0.000000	0.000000	
0.000000	0.000000	0.000000	0.000000	
0.000000	0.000000	0.000000	0.000000	
0.000000	0.000000	0.000000	0.000000	
0.000000	0.000000	0.000000	0.000000	
0.000000	0.000000	0.000000	0.000000	
0.000000	0.000000	0.000000	0.000000	
0.000000	0.000000	0.000000	0.000000	
0.000000	0.000000	0.000000	0.000000	
0.000000	0.000000	0.000000	0.000000	
0.000000	0.000000	0.000000	0.000000	
0.000000	0.000000	0.000000	0.000000	
0.000000	0.000000	0.000000	0.000000	
0.000000	0.000000	0.000000	0.000000	
0.000000	0.000000	0.000000	0.000000	
0.000000	0.000000	0.000000	0.000000	
0.000000	0.000000	0.000000	0.000000	
0.000000	0.000000	0.000000	0.000000	
0.000000	0.000000	0.000000	0.000000	
0.000000	0.000000	0.000000	0.000000	
0.000000	0.000000	0.000000	0.000000	
0.000000	0.000000	0.000000	0.000000	
0.000000	0.000000	0.000000	0.000000	
0.000000	0.000000	0.000000	0.000000	
0.000000	0.000000	0.000000	0.000000	
0.000000	0.000000	0.000000	0.000000	
0.000000	0.000000	0.000000	0.000000	
0.000000	0.000000	0.000000	0.000000	
0.000000	0.000000	0.000000	0.000000	
0.000000	0.000000	0.000000	0.000000	
0.000000	0.000000	0.000000	0.000000	
0.000000	0.000000	0.000000	0.000000	
0.000000	0.000000	0.000000	0.000000	
0.000000	0.000000	0.000000	0.000000	
0.000000	0.000000	0.000000	0.000000	
0.000000	0.000000	0.000000	0.000000	
0.000000	0.000000	0.000000	0.000000	
0.000000	0.000000	0.000000	0.000000	
0.000000	0.000000	0.000000	0.000000	
0.000000	0.000000	0.000000	0.000000	
0.000000	0.000000	0.000000	0.000000	
0.000000	0.000000	0.000000	0.000000	
0.000000	0.000000	0.000000	0.000000	
0.000000	0.000000	0.000000	0.000000	
0.000000	0.000000	0.000000	0.000000	
0.000000	0.000000	0.000000	0.000000	
0.000000	0.000000	0.000000	0.000000	
0.000000	0.000000	0.000000	0.000000	
0.000000	0.000000	0.000000	0.000000	
0.000000	0.000000	0.000000	0.000000	
0.000000	0.000000	0.000000	0.000000	
0.000000	0.000000	0.000000	0.000000	
0.000000	0.000000	0.000000	0.000000	
0.000000	0.000000	0.000000	0.000000	
0.000000	0.000000	0.000000	0.000000	
0.000000	0.000000	0.000000	0.000000	
0.000000	0.000000	0.000000	0.000000	
0.000000	0.000000	0.000000	0.000000	
0.000000	0.000000	0.000000	0.000000	
0.000000	0.000000	0.000000	0.000000	
0.000000	0.000000	0.000000	0.000000	
0.000000	0.000000	0.000000	0.000000	
0.000000	0.000000	0.000000	0.000000	
0.000000	0.000000	0.000000	0.000000	
0.000000	0.000000	0.000000	0.000000	
0.000000	0.000000	0.000000	0.000000	
0.000000	0.000000	0.000000	0.000000	
0.000000	0.000000	0.000000	0.000000	
0.000000	0.000000	0.000000	0.000000	
0.000000	0.000000	0.000000	0.000000	
0.000000	0.000000	0.000000	0.000000	
0.000000	0.000000	0.000000	0.000000	
0.000000	0.000000	0.000000	0.000000	
0.000000	0.000000	0.000000	0.000000	
0.000000	0.000000	0.000000	0.000000	
0.000000	0.000000	0.000000	0.000000	
0.000000	0.000000	0.000000	0.000000	
0.000000	0.000000	0.000000	0.000000	
0.000000	0.000000	0.000000	0.000000	
0.000000	0.000000	0.000000	0.000000	
0.000000	0.000000	0.000000	0.000000	
0.000000	0.000000	0.000000	0.000000	
0.000000	0.000000	0.000000	0.000000	
0.000000	0.000000	0.000000	0.000000	
0.000000	0.000000	0.000000	0.000000	
0.000000	0.000000	0.000000	0.000000	
0.000000	0.000000	0.000000	0.000000	
0.000000	0.000000	0.000000	0.000000	
0.000000	0.000000	0.000000	0.000000	
0.000000	0.000000	0.000000	0.000000	
0.000000	0.000000	0.000000	0.000000	
0.000000	0.000000	0.000000	0.000000	
0.000000	0.000000	0.000000	0.000000	
0.000000	0.000000	0.000000	0.000000	
0.000000	0.000000	0.000000	0.000000	
0.000000	0.000000	0.000000	0.000000	
0.000000	0.000000	0.000000	0.000000	
0.000000	0.000000	0.000000	0.000000	
0.000000	0.000000	0.000000	0.000000	
0.000000	0.000000	0.000000	0.000000	
0.000000	0.000000	0.000000	0.000000	
0.000000	0.000000	0.000000	0.000000	
0.000000	0.000000	0.000000	0.000000	
0.000000	0.000000	0.000000	0.000000	
0.000000	0.000000	0.000000	0.000000	
0.000000	0.000000	0.000000	0.000000	
0.000000	0.000000	0.000000	0.000000	
0.000000	0.000000	0.000000	0.000000	
0.000000	0.000000	0.000000	0.000000	
0.000000	0.000000	0.000000	0.000000	
0.000000	0.000000	0.000000	0.000000	
0.000000	0.000000	0.000000	0.000000	
0.000000	0.000000	0.000000	0.000000	
0.000000	0.000000	0.000000	0.000000	
0.000000	0.000000	0.000000	0.000000	
0.000000	0.000000	0.000000	0.000000	
0.000000	0.000000	0.000000	0.000000	
1.000000	-0.478039	-0.420456	-0.422156	
0.000000	0.000000	-0.100000	0.000000	
0.000000	0.000000	0.000000	0.000000	
0.000000	0.000000	0.000000	0.000000	
1.000000	0.000000	-0.180000	-0.354769	
0.408400	-0.100000	0.000000	-0.200000	
0.000000	0.000000	0.000000	0.000000	
0.000000	0.000000	0.000000	0.000000	
0.000000	0.000000	0.000000	0.000000	
0.000000	0.000000	0.000000	0.000000	
0.000000	0.000000	0.000000	0.000000	
0.000000	0.000000	0.000000	0.000000	
0.000000	0.000000	0.000000	0.000000	
0.000000	0.000000	0.000000	0.000000	
0.000000	0.000000	0.000000	0.000000	
0.000000	0.000000	0.000000	0.000000	
1.000000	-0.188300	-0.446313	-0.437085	
0.000000	0.000000	0.000000	0.000000	
0.000000	0.000000	0.000000	0.000000	
0.000000	0.000000	0.000000	0.000000	
1.000000	-0.416114	-0.437085	-0.308000	
0.000000	0.000000	0.000000	0.000000	
0.000000	0.000000	0.000000	0.000000	
0.000000	0.000000	0.000000	0.000000	
0.000000	0.000000	0.000000	0.000000	
0.000000	0.000000	0.000000	0.000000	
0.000000	0.000000	0.000000	0.000000	
0.000000	0.000000	0.000000	0.000000	
0.000000	0.000000	0.000000	0.000000	
0.000000	0.000000	0.000000	0.000000	
0.000000	0.000000	0.000000	0.000000	
0.000000	0.000000	0.000000	0.000000	
0.000000	0.000000	0.000000	0.000000	
0.000000	0.000000	0.000000	0.000000	
0.000000	0.000000	0.000000	0.000000	
0.000000	0.000000	0.000000	0.000000	
0.000000	0.000000	0.000000	0.000000	
0.000000	0.000000	0.000000	0.000000	
0.000000	0.000000	0.000000	0.000000	
0.000000	0.000000	0.000000	0.000000	
0.000000	0.000000	0.000000	0.000000	
0.000000	0.000000	0.000000	0.000000	
0.000000	0.000000	0.000000	0.000000	
0.000000	0.000000	0.000000	0.000000	
0.000000	0.000000	0.000000	0.000000	
0.000000	0.000000	0.000000	0.000000	
0.000000	0.000000	0.000000	0.000000	
0.000000	0.000000	0.000000	0.000000	
0.000000	0.000000	0.000000	0.000000	
0.000000	0.000000	0.000000	0.000000	
0.000000	0.000000	0.000000	0.000000	
0.000000	0.000000	0.000000	0.000000	
0.000000	0.000000	0.000000	0.000000	
0.000000	0.000000	0.000000	0.000000	
0.000000	0.000000	0.000000	0.000000	
0.000000	0.000000	0.000000	0.000000	
0.000000	0.000000	0.000000	0.000000	
0.000000	0.000000	0.000000	0.000000	
0.000000	0.000000	0.000000	0.000000	
0.000000	0.000000	0.000000	0.000000	
0.000000	0.000000	0.000000	0.000000	
0.000000	0.000000	0.000000	0.000000	
0.000000	0.000000	0.000000	0.000000	
0.000000	0.000000	0.000000	0.000000	
0.000000	0.000000	0.000000	0.000000	
0.000000	0.000000	0.000000	0.000000	
0.000000	0.000000	0.000000	0.000000	
0.000000	0.000000	0.000000	0.000000	
0.000000	0.000000	0.000000	0.000000	
0.000000	0.000000	0.000000	0.000000	
0.000000	0.000000	0.000000	0.000000	
0.000000	0.000000	0.000000	0.000000	
0.000000	0.000000	0.000000	0.000000	
0.000000	0.000000	0.000000	0.000000	
0.000000	0.000000	0.000000	0.000000	
0.000000	0.000000	0.000000	0.000000	
0.000000	0.000000	0.000000	0.000000	
0.000000	0.000000	0.000000	0.000000	
0.000000	0.000000	0.000000	0.000000	
0.000000	0.000000	0.000000	0.000000	
0.000000	0.000000	0.000000	0.000000	
0.000000	0.000000	0.000000	0.000000	
0.000000	0.000000	0.000000	0.000000	
0.000000	0.000000	0.000000	0.000000	
0.000000	0.000000	0.000000	0.000000	
0.000000	0.000000	0.000000	0.000000	
0.000000	0.000000	0.000000	0.000000	
0.000000	0.000000	0.000000	0.000000	
0.000000	0.000000	0.000000	0.000000	
0.000000	0.000000	0.000000	0.000000	
0.000000	0.000000	0.000000	0.000000	
0.000000	0.000000	0.000000	0.000000	
0.000000	0.000000	0.000000	0.000000	
0.000000	0.000000	0.000000	0.000000	
0.000000	0.000000	0.000000	0.000000	
0.000000	0.000000	0.000000	0.000000	
0.000000	0.000000	0.000000	0.000000	
0.000000	0.000000	0.000000	0.000000	
0.000000	0.000000	0.000000	0.000000	
0.000000	0.000000	0.000000	0.000000	
0.000000	0.000000	0.000000	0.000000	
0.000000	0.000000	0.000000	0.000000	
0.000000	0.000000	0.000000	0.000000	
0.000000	0.000000	0.000000	0.000000	
-0.360000	-0.200000	0.300000	0.000000	
0.000000	0.000000	0.000000	0.000000	
0.000000	0.000000	0.000000	0.000000	
0.000000	0.000000	0.000000	0.000000	
0.000000	0.000000	0.000000	0.000000	
0.000000	0.000000	0.000000	0.000000	
0.000000	0.000000	0.000000	0.000000	
0.000000	0.000000	0.000000	0.000000	
0.000000	0.000000	0.000000	0.000000	
0.000000	0.000000	0.000000	0.000000	
0.000000	0.000000	0.000000	0.000000	
0.000000	0.000000	0.000000	0.000000	
0.000000	0.000000	0.000000	0.000000	
0.000000	0.000000	0.000000	0.000000	
0.000000	0.000000	0.000000	0.000000	
0.000000	0.000000	0.000000	0.000000	
0.000000	0.000000	0.000000	0.000000	
0.000000	0.000000	0.000000	0.000000	
0.000000	0.000000	0.000000	0.000000	
0.000000	0.000000	0.000000	0.000000	
0.000000	0.000000	0.000000	0.000000	
0.000000	0.000000	0.000000	0.000000	
0.000000	0.000000	0.000000	0.000000	
0.000000	0.000000	0.000000	0.000000	
1.000000	-0.377120	-0.475883	-0.336160	
0.300000	0.230000	-0.200000	-0.100000	
0.000000	0.000000	0.000000	0.000000	
0.000000	0.000000	0.000000	0.000000	
1.000000	-0.026400	-0.280640	-0.410400	
0.484000	0.000000	0.000000	-0.200000	
0.000000	0.000000	0.000000	0.000000	
0.000000	0.000000	0.000000	0.000000	
1.000000	-0.275558	-0.450344	-0.479384	
0.000000	0.000000	0.000000	0.000000	
0.000000	0.000000	0.000000	0.000000	
0.000000	0.000000	0.000000	0.000000	
1.000000	-0.394999	-0.180000	-0.380921	
0.000000	0.000000	0.000000	0.000000	
0.000000	0.000000	0.000000	0.000000	
0.000000	0.000000	0.000000	0.000000	
0.000000	0.000000	0.000000	0.000000	
0.000000	0.000000	0.000000	0.000000	
0.000000	0.000000	0.000000	0.000000	
0.000000	0.000000	0.000000	0.000000	
0.000000	0.000000	0.000000	0.000000	
0.000000	0.000000	0.000000	0.000000	
0.000000	0.000000	0.000000	0.000000	
0.000000	0.000000	0.000000	0.000000	
0.000000	0.000000	0.000000	0.000000	
0.000000	0.000000	0.000000	0.000000	
0.000000	0.000000	0.000000	0.000000	
0.000000	0.000000	0.000000	0.000000	
0.000000	0.000000	0.000000	0.000000	
0.000000	0.000000	0.000000	0.000000	
0.000000	0.000000	0.000000	0.000000	
0.000000	0.000000	0.000000	0.000000	
0.000000	0.000000	0.300000	-0.180000	
0.000000	0.000000	0.000000	0.000000	
0.000000	0.000000	0.000000	0.000000	
0.000000	0.000000	0.000000	0.000000	
0.000000	0.000000	0.000000	0.000000	
0.000000	0.000000	0.000000	0.000000	
0.000000	0.000000	0.000000	0.000000	
0.000000	0.000000	0.000000	0.000000	
0.000000	0.000000	0.000000	0.000000	
0.000000	0.000000	0.000000	0.000000	
0.000000	0.000000	0.000000	0.000000	
0.000000	0.000000	0.000000	0.000000	
0.000000	0.000000	0.000000	0.000000	
0.000000	0.000000	0.000000	0.000000	
0.000000	0.000000	0.000000	0.000000	
0.000000	0.000000	0.000000	0.000000	
0.000000	0.000000	0.000000	0.000000	
0.000000	0.000000	0.000000	0.000000	
0.000000	0.000000	0.000000	0.000000	
0.000000	0.000000	0.000000	0.000000	
0.000000	0.000000	0.000000	0.000000	
0.000000	0.000000	0.000000	0.000000	
0.000000	0.000000	0.000000	0.000000	
0.000000	0.000000	0.000000	0.000000	
0.000000	0.000000	0.000000	0.000000	
0.000000	0.000000	0.000000	0.000000	
0.000000	0.000000	0.000000	0.000000	
0.000000	0.000000	0.000000	0.000000	
0.000000	0.000000	0.000000	0.000000	
0.000000	0.000000	0.000000	0.000000	
0.000000	0.000000	0.000000	0.000000	
0.000000	0.000000	0.000000	0.000000	
1.000000	-0.500000	-0.500000	-0.500000	
1.000000	-0.498791	-0.499812	-0.500003	
0.000000	0.000000	0.000000	0.000000	
0.000000	0.000000	0.000000	0.000000	
1.000000	-0.499536	-0.500174	-0.499924	
0.834400	-0.100000	-0.360000	-0.280000	
0.000000	0.000000	0.000000	0.000000	
0.000000	0.000000	0.000000	0.000000	
0.000000	0.000000	0.000000	0.000000	
0.000000	0.000000	0.000000	0.000000	
0.000000	0.000000	0.000000	0.000000	
0.000000	0.000000	0.000000	0.000000	
0.000000	0.000000	0.000000	0.000000	
0.000000	0.000000	0.000000	0.000000	
0.000000	0.000000	0.000000	0.000000	
0.000000	0.000000	0.000000	0.000000	
0.000000	0.000000	0.000000	0.000000	
0.000000	0.000000	0.000000	0.000000	
0.000000	0.000000	0.000000	0.000000	
0.000000	0.000000	0.000000	0.000000	
0.000000	0.000000	0.000000	0.000000	
0.000000	0.000000	0.000000	0.000000	
0.000000	0.000000	0.000000	0.000000	
0.000000	0.000000	0.000000	0.000000	
0.000000	0.000000	0.000000	0.000000	
0.000000	0.000000	0.000000	0.000000	
0.000000	0.000000	0.000000	0.000000	
0.000000	0.000000	0.000000	0.000000	
0.000000	0.000000	0.000000	0.000000	
0.000000	0.000000	0.000000	0.000000	
0.000000	0.000000	0.000000	0.000000	
0.000000	0.000000	0.000000	0.000000	
0.000000	0.000000	0.540000	0.000000	
0.000000	0.000000	0.000000	0.000000	
0.000000	0.000000	0.000000	0.000000	
0.000000	0.000000	0.000000	0.000000	
0.000000	0.000000	0.540000	0.000000	
0.000000	0.000000	0.000000	0.000000	
0.000000	0.000000	0.000000	0.000000	
0.000000	0.000000	0.000000	0.000000	
0.000000	0.000000	0.000000	0.000000	
0.000000	0.000000	0.000000	0.000000	
0.000000	0.000000	0.000000	0.000000	
0.000000	0.000000	0.000000	0.000000	
0.000000	0.000000	0.000000	0.000000	
0.000000	0.000000	0.000000	0.000000	
0.000000	0.000000	0.000000	0.000000	
0.000000	0.000000	0.000000	0.000000	
0.000000	0.000000	0.000000	0.000000	
0.000000	0.000000	0.000000	0.000000	
0.000000	0.000000	0.000000	0.000000	
0.000000	0.000000	0.000000	0.000000	
0.000000	0.000000	0.000000	0.000000	
0.000000	0.000000	0.000000	0.000000	
0.000000	0.000000	0.000000	0.000000	
0.000000	0.000000	0.000000	0.000000	
0.000000	0.000000	0.000000	0.000000	
0.000000	0.000000	0.000000	0.000000	
0.000000	0.000000	0.000000	0.000000	
0.000000	0.000000	0.000000	0.000000	
0.000000	0.000000	0.000000	0.000000	
0.000000	0.000000	0.000000	0.000000	
1.000000	-0.392829	-0.200000	0.000000	
0.604000	-0.278800	-0.200000	-0.340000	
1.000000	-0.365008	-0.295200	-0.375336	
0.791200	0.000000	-0.200000	-0.200000	
-0.200000	1.000000	0.000000	-0.146000	
-0.100000	0.540000	0.000000	0.000000	
1.000000	-0.295200	-0.295200	-0.180000	
0.000000	0.000000	0.000000	0.000000	
0.000000	0.000000	0.000000	0.000000	
0.000000	0.000000	0.000000	0.000000	
0.000000	0.000000	0.000000	0.000000	
0.000000	0.000000	0.000000	0.000000	
0.000000	0.000000	0.000000	0.000000	
0.000000	0.000000	0.000000	0.000000	
0.000000	0.000000	0.000000	0.000000	
0.000000	0.000000	0.000000	0.000000	
0.000000	0.000000	0.000000	0.000000	
0.000000	0.000000	0.000000	0.000000	
0.000000	0.000000	0.000000	0.000000	
0.000000	0.000000	0.000000	0.000000	
0.000000	0.000000	0.000000	0.000000	
0.000000	0.000000	0.000000	0.000000	
0.000000	0.000000	0.000000	0.000000	
0.000000	0.000000	0.000000	0.000000	
-0.499232	-0.487974	1.000000	-0.510539	
0.000000	-0.100000	1.000000	0.000000	
-0.500378	-0.499679	1.000000	-0.500513	
-0.360000	-0.360000	1.000000	-0.200000	
0.000000	1.000000	-0.100000	0.000000	
-0.200000	0.000000	0.000000	0.000000	
-0.180000	-0.377120	1.000000	-0.244000	
0.000000	0.000000	0.000000	0.000000	
0.000000	0.000000	0.000000	0.000000	
0.000000	0.000000	0.000000	0.000000	
0.000000	0.000000	0.000000	0.000000	
0.000000	0.000000	0.000000	0.000000	
0.000000	0.000000	0.000000	0.000000	
0.000000	0.000000	0.000000	0.000000	
0.000000	0.000000	0.000000	0.000000	
0.000000	0.000000	0.000000	0.000000	
0.000000	0.000000	0.000000	0.000000	
0.000000	0.000000	0.000000	0.000000	
0.000000	0.000000	0.000000	0.000000	
0.000000	0.000000	0.000000	0.000000	
0.000000	0.000000	0.000000	0.000000	
0.000000	0.000000	0.000000	0.000000	
0.000000	0.000000	0.000000	0.000000	
0.000000	0.000000	0.000000	0.000000	
0.000000	0.000000	0.000000	0.000000	
0.000000	0.000000	0.000000	0.000000	
0.000000	0.000000	0.000000	0.000000	
0.000000	0.000000	0.000000	0.000000	
0.000000	0.000000	0.000000	0.000000	
0.000000	0.000000	0.000000	0.000000	
0.000000	0.000000	0.000000	0.000000	
0.000000	0.000000	0.000000	0.000000	
0.000000	0.000000	0.000000	0.000000	
0.000000	0.000000	0.000000	0.000000	
0.000000	0.000000	0.000000	0.000000	
0.000000	0.000000	0.000000	0.000000	
0.000000	0.000000	0.000000	0.000000	
0.000000	0.000000	0.000000	0.000000	
0.000000	0.000000	0.000000	0.000000	
0.000000	0.000000	0.000000	0.000000	
0.000000	0.000000	0.000000	0.000000	
0.000000	0.000000	0.000000	0.000000	
0.000000	0.000000	0.000000	0.000000	
0.000000	0.000000	0.000000	0.000000	
0.000000	0.000000	0.000000	0.000000	
0.000000	0.000000	0.000000	0.000000	
0.000000	0.000000	0.000000	0.000000	
0.000000	0.000000	0.000000	0.000000	
0.000000	0.000000	0.000000	0.000000	
0.000000	0.000000	0.000000	0.000000	
0.000000	0.000000	0.000000	0.000000	
0.000000	0.000000	0.000000	0.000000	
0.000000	0.000000	0.000000	0.000000	
0.000000	0.000000	0.000000	0.000000	
0.000000	0.000000	0.000000	0.000000	
0.000000	0.000000	0.000000	0.000000	
0.000000	0.000000	0.000000	0.000000	
0.000000	0.000000	0.000000	0.000000	
0.000000	0.000000	0.000000	0.000000	
0.000000	0.000000	0.000000	0.000000	
0.000000	0.000000	0.000000	0.000000	
0.000000	0.000000	0.000000	0.000000	
0.000000	0.000000	0.000000	0.000000	
0.000000	0.000000	0.000000	0.000000	
0.000000	0.000000	0.000000	0.000000	
0.000000	0.000000	0.000000	0.000000	
0.000000	0.000000	0.000000	0.000000	
0.000000	0.000000	0.000000	0.000000	
0.000000	0.000000	0.000000	0.000000	
0.000000	0.000000	0.000000	0.000000	
0.000000	0.000000	0.000000	0.000000	
0.000000	0.000000	0.000000	0.000000	
0.000000	0.000000	0.000000	0.000000	
0.000000	0.000000	0.000000	0.000000	
0.000000	0.000000	0.000000	0.000000	
0.000000	0.000000	0.000000	0.000000	
0.000000	0.000000	0.000000	0.000000	
0.000000	0.000000	0.000000	0.000000	
0.000000	0.000000	0.000000	0.000000	
0.000000	0.000000	0.000000	0.000000	
0.000000	0.000000	0.000000	0.000000	
0.000000	0.000000	0.000000	0.000000	
0.000000	0.000000	0.000000	0.000000	
0.000000	0.000000	0.000000	0.000000	
0.000000	0.000000	0.000000	0.000000	
0.000000	0.000000	0.000000	0.000000	
0.000000	0.000000	0.000000	0.000000	
0.000000	0.000000	0.000000	0.000000	
0.000000	0.000000	0.000000	0.000000	
0.000000	0.000000	0.000000	0.000000	
0.000000	0.000000	0.000000	0.000000	
0.000000	0.000000	0.000000	0.000000	
0.000000	0.000000	0.000000	0.000000	
0.000000	0.000000	0.000000	0.000000	
0.000000	0.000000	0.000000	0.000000	
0.000000	0.000000	0.000000	0.000000	
0.000000	0.000000	0.000000	0.000000	
0.000000	0.000000	0.000000	0.000000	
0.000000	0.000000	0.000000	0.000000	
0.000000	0.000000	0.000000	0.000000	
0.000000	0.000000	0.000000	0.000000	
0.000000	0.000000	0.000000	0.000000	
0.000000	0.000000	0.000000	0.000000	
0.000000	0.000000	0.000000	0.000000	
0.000000	0.000000	0.000000	0.000000	
0.000000	0.000000	0.000000	0.000000	
0.000000	0.000000	0.000000	0.000000	
0.000000	0.000000	0.000000	0.000000	
0.000000	0.000000	0.000000	0.000000	
0.000000	0.000000	0.000000	0.000000	
0.000000	0.000000	0.000000	0.000000	
0.000000	0.000000	0.000000	0.000000	
0.000000	0.000000	0.000000	0.000000	
0.000000	0.000000	0.000000	0.000000	
0.000000	0.000000	0.000000	0.000000	
0.000000	0.000000	0.000000	0.000000	
0.000000	0.000000	0.000000	0.000000	
0.000000	0.000000	0.000000	0.000000	
0.000000	0.000000	0.000000	0.000000	
0.000000	0.000000	0.000000	0.000000	
0.000000	0.000000	0.000000	0.000000	
0.000000	0.000000	0.000000	0.000000	
0.000000	0.000000	0.000000	0.000000	
0.000000	0.000000	0.000000	0.000000	
0.000000	0.000000	0.000000	0.000000	
0.000000	0.000000	0.000000	0.000000	
0.000000	0.000000	0.000000	0.000000	
0.000000	0.000000	0.000000	0.000000	
0.000000	0.000000	0.000000	0.000000	
0.000000	0.000000	0.000000	0.000000	
0.000000	0.000000	0.000000	0.000000	
0.000000	0.000000	0.000000	0.000000	
0.000000	0.000000	0.000000	0.000000	
0.000000	0.000000	0.000000	0.000000	
0.000000	0.000000	0.000000	0.000000	
0.000000	0.000000	0.000000	0.000000	
0.000000	0.000000	0.000000	0.000000	
0.000000	0.000000	0.000000	0.000000	
0.000000	0.000000	0.000000	0.000000	
0.000000	0.000000	0.000000	0.000000	
0.000000	0.000000	0.000000	0.000000	
0.000000	0.000000	0.000000	0.000000	
0.000000	0.000000	0.000000	0.000000	
0.000000	0.000000	0.000000	0.000000	
0.000000	0.000000	0.000000	0.000000	
0.000000	0.000000	0.000000	0.000000	
0.000000	0.000000	0.000000	0.000000	
0.000000	0.000000	0.000000	0.000000	
0.000000	0.000000	0.000000	0.000000	
0.000000	0.000000	0.000000	0.000000	
0.000000	0.000000	0.000000	0.000000	
0.000000	0.000000	0.000000	0.000000	
0.000000	0.000000	0.000000	0.000000	
0.000000	0.000000	0.000000	0.000000	
0.000000	0.000000	0.000000	0.000000	
0.000000	0.000000	0.000000	0.000000	
0.000000	0.000000	0.000000	0.000000	
0.000000	0.000000	0.000000	0.000000	
0.000000	0.000000	0.000000	0.000000	
0.000000	0.000000	0.000000	0.000000	
0.000000	0.000000	0.000000	0.000000	
0.000000	0.000000	0.000000	0.000000	
0.000000	0.000000	0.000000	0.000000	
0.000000	0.000000	0.000000	0.000000	
0.000000	0.000000	0.000000	0.000000	
0.000000	0.000000	0.000000	0.000000	
0.000000	0.000000	0.000000	0.000000	
0.000000	0.000000	0.000000	0.000000	
0.000000	0.000000	0.000000	0.000000	
0.000000	0.000000	0.000000	0.000000	
0.000000	0.000000	0.000000	0.000000	
0.000000	0.000000	0.000000	0.000000	
0.000000	0.000000	0.000000	0.000000	
0.000000	0.000000	0.000000	0.000000	
0.000000	0.000000	0.000000	0.000000	
0.000000	0.000000	0.000000	0.000000	
0.000000	0.000000	0.000000	0.000000	
0.000000	0.000000	0.000000	0.000000	
0.000000	0.000000	0.000000	0.000000	
0.000000	0.000000	0.000000	0.000000	
0.000000	0.000000	0.000000	0.000000	
0.000000	0.000000	0.000000	0.000000	
0.000000	0.000000	0.000000	0.000000	
0.000000	0.000000	0.000000	0.000000	
0.000000	0.000000	0.000000	0.000000	
0.000000	0.000000	0.000000	0.000000	
0.000000	0.000000	0.000000	0.000000	
0.000000	0.000000	0.000000	0.000000	
0.000000	0.000000	0.000000	0.000000	
0.000000	0.000000	0.000000	0.000000	
0.000000	0.000000	0.000000	0.000000	
0.000000	0.000000	0.000000	0.000000	
0.000000	0.000000	0.000000	0.000000	
0.000000	0.000000	0.000000	0.000000	
0.000000	0.000000	0.000000	0.000000	
0.000000	0.000000	0.000000	0.000000	
0.000000	0.000000	0.000000	0.000000	
0.000000	0.000000	0.000000	0.000000	
0.000000	0.000000	0.000000	0.000000	
0.000000	0.000000	0.000000	0.000000	
0.000000	0.000000	0.000000	0.000000	
0.000000	0.000000	0.000000	0.000000	
0.000000	0.000000	0.000000	0.000000	
0.000000	0.000000	0.000000	0.000000	
0.000000	0.000000	0.000000	0.000000	
0.000000	0.000000	0.000000	0.000000	
0.000000	0.000000	0.000000	0.000000	
0.000000	0.000000	0.000000	0.000000	
0.000000	0.000000	0.000000	0.000000	
0.000000	0.000000	0.000000	0.000000	
0.000000	0.000000	0.000000	0.000000	
0.000000	0.000000	0.000000	0.000000	
0.000000	0.000000	0.000000	0.000000	
0.000000	0.000000	0.000000	0.000000	
0.000000	0.000000	0.000000	0.000000	
0.000000	0.000000	0.000000	0.000000	
0.000000	0.000000	0.000000	0.000000	
0.000000	0.000000	0.000000	0.000000	
0.000000	0.000000	0.000000	0.000000	
0.000000	0.000000	0.000000	0.000000	
0.000000	0.000000	0.000000	0.000000	
0.000000	0.000000	0.000000	0.000000	
0.000000	0.000000	0.000000	0.000000	
0.000000	0.000000	0.000000	0.000000	
0.000000	0.000000	0.000000	0.000000	
0.000000	0.000000	0.000000	0.000000	
0.000000	0.000000	0.000000	0.000000	
0.000000	0.000000	0.000000	0.000000	
0.000000	0.000000	0.000000	0.000000	
0.000000	0.000000	0.000000	0.000000	
0.000000	0.000000	0.000000	0.000000	
0.000000	0.000000	0.000000	0.000000	
0.000000	0.000000	0.000000	0.000000	
0.000000	0.000000	0.000000	0.000000	
1.000000	-0.308563	-0.346400	-0.372000	
0.200000	0.000000	0.000000	-0.234000	
0.000000	0.000000	0.000000	0.000000	
0.000000	0.000000	0.000000	0.000000	
1.000000	-0.180000	-0.260000	-0.139600	
0.000000	-0.100000	0.000000	0.000000	
0.000000	0.000000	0.000000	0.000000	
0.000000	0.000000	0.000000	0.000000	
0.000000	0.000000	0.000000	0.000000	
0.000000	0.000000	0.000000	0.000000	
0.000000	0.000000	0.000000	0.000000	
0.000000	0.000000	0.000000	0.000000	
0.000000	0.000000	0.000000	0.000000	
0.000000	0.000000	0.000000	0.000000	
0.000000	0.000000	0.000000	0.000000	
0.000000	0.000000	0.000000	0.000000	
-0.490379	-0.491061	1.000000	-0.486181	
0.000000	0.000000	0.000000	0.000000	
0.000000	0.000000	0.000000	0.000000	
0.000000	0.000000	0.000000	0.000000	
-0.454494	-0.451329	1.000000	-0.449668	
0.000000	0.000000	0.000000	0.000000	
0.000000	0.000000	0.000000	0.000000	
0.000000	0.000000	0.000000	0.000000	
0.000000	0.000000	0.000000	0.000000	
0.000000	0.000000	0.000000	0.000000	
0.000000	0.000000	0.000000	0.000000	
0.000000	0.000000	0.000000	0.000000	
0.000000	0.000000	0.000000	0.000000	
0.000000	0.000000	0.000000	0.000000	
0.000000	0.000000	0.000000	0.000000	
0.000000	0.000000	0.000000	0.000000	
0.000000	0.000000	0.000000	0.000000	
0.000000	0.000000	0.000000	0.000000	
0.000000	0.000000	0.000000	0.000000	
0.000000	0.000000	0.000000	0.000000	
0.000000	0.000000	0.000000	0.000000	
0.000000	0.000000	0.000000	0.000000	
0.000000	0.000000	0.000000	0.000000	
0.000000	0.000000	0.000000	0.000000	
0.000000	0.000000	0.000000	0.000000	
0.000000	0.000000	0.000000	0.000000	
0.000000	0.000000	0.000000	0.000000	
0.000000	0.000000	0.000000	0.000000	
0.000000	0.000000	0.000000	0.000000	
0.000000	0.000000	0.000000	0.000000	
0.000000	0.000000	0.000000	0.000000	
0.000000	0.000000	0.000000	0.000000	
0.000000	0.000000	0.000000	0.000000	
0.000000	0.000000	0.000000	0.000000	
0.000000	0.000000	0.000000	0.000000	
0.000000	0.000000	0.000000	0.000000	
0.000000	0.000000	0.000000	0.000000	
0.000000	0.000000	0.000000	0.000000	
0.000000	0.000000	0.000000	0.000000	
0.000000	0.000000	0.000000	0.000000	
0.000000	0.000000	0.000000	0.000000	
0.000000	0.000000	0.000000	0.000000	
0.000000	0.000000	0.000000	0.000000	
0.000000	0.000000	0.000000	0.000000	
0.000000	0.000000	0.000000	0.000000	
0.000000	0.000000	0.000000	0.000000	
0.000000	0.000000	0.000000	0.000000	
0.000000	0.000000	0.000000	0.000000	
0.000000	0.000000	0.000000	0.000000	
0.000000	0.000000	0.000000	0.000000	
0.000000	0.000000	0.000000	0.000000	
0.000000	0.000000	0.000000	0.000000	
0.000000	0.000000	0.000000	0.000000	
0.000000	0.000000	0.000000	0.000000	
0.000000	0.000000	0.000000	0.000000	
0.000000	0.000000	0.000000	0.000000	
0.000000	0.000000	0.000000	0.000000	
0.000000	0.000000	0.000000	0.000000	
0.000000	0.000000	0.000000	0.000000	
0.000000	0.000000	0.000000	0.000000	
0.000000	0.000000	0.000000	0.000000	
0.000000	0.000000	0.000000	0.000000	
0.000000	0.000000	0.000000	0.000000	
0.000000	0.000000	0.000000	0.000000	
0.000000	0.000000	0.000000	0.000000	
0.000000	0.000000	0.000000	0.000000	
0.000000	0.000000	0.000000	0.000000	
0.000000	0.000000	0.000000	0.000000	
0.000000	0.000000	0.000000	0.000000	
0.000000	0.000000	0.000000	0.000000	
0.000000	0.000000	0.000000	0.000000	
0.000000	0.000000	0.000000	0.000000	
0.000000	0.000000	0.000000	0.000000	
0.000000	0.000000	0.000000	0.000000	
0.000000	0.000000	0.000000	0.000000	
0.000000	0.000000	0.000000	0.000000	
0.000000	0.000000	0.000000	0.000000	
0.000000	0.000000	0.000000	0.000000	
0.000000	0.000000	0.000000	0.000000	
0.000000	0.000000	0.000000	0.000000	
0.000000	0.000000	0.000000	0.000000	
0.000000	0.000000	0.000000	0.000000	
0.000000	0.000000	0.000000	0.000000	
0.000000	0.000000	0.000000	0.000000	
0.000000	0.000000	0.000000	0.000000	
0.000000	0.000000	0.000000	0.000000	
0.000000	0.000000	0.000000	0.000000	
0.000000	0.000000	0.000000	0.000000	
0.000000	0.000000	0.000000	0.000000	
0.000000	0.000000	0.000000	0.000000	
0.000000	0.000000	0.000000	0.000000	
0.000000	0.000000	0.000000	0.000000	
0.000000	0.000000	0.000000	0.000000	
0.000000	0.000000	0.000000	0.000000	
0.000000	0.000000	0.000000	0.000000	
0.000000	0.000000	0.000000	0.000000	
0.000000	0.000000	0.000000	0.000000	
0.000000	0.000000	0.000000	0.000000	
0.000000	0.000000	0.000000	0.000000	
0.000000	0.000000	0.000000	0.000000	
0.000000	0.000000	0.000000	0.000000	
0.000000	0.000000	0.000000	0.000000	
0.000000	0.000000	0.000000	0.000000	
0.000000	0.000000	0.000000	0.000000	
0.000000	0.000000	0.000000	0.000000	
0.000000	0.000000	0.000000	0.000000	
0.000000	0.000000	0.000000	0.000000	
0.000000	0.000000	0.000000	0.000000	
0.000000	0.000000	0.000000	0.000000	
0.000000	0.000000	0.000000	0.000000	
0.000000	0.000000	0.000000	0.000000	
0.000000	0.000000	0.000000	0.000000	
1.000000	-0.442656	-0.442328	-0.244000	
0.376000	-0.178000	0.000000	-0.200000	
0.000000	0.000000	0.000000	0.000000	
0.000000	0.000000	0.000000	0.000000	
1.000000	-0.336160	-0.100000	-0.405381	
0.000000	0.000000	0.000000	0.000000	
0.000000	0.000000	0.000000	0.000000	
0.000000	0.000000	0.000000	0.000000	
1.000000	-0.446313	-0.484220	-0.401696	
0.000000	0.000000	0.000000	-0.100000	
0.000000	0.000000	0.000000	0.000000	
0.000000	0.000000	0.000000	0.000000	
1.000000	-0.465640	-0.472512	-0.428320	
0.300000	0.000000	0.000000	0.000000	
0.000000	0.000000	0.000000	0.000000	
0.000000	0.000000	0.000000	0.000000	
0.000000	0.000000	0.000000	0.000000	
0.000000	0.000000	0.000000	0.000000	
0.000000	0.000000	0.000000	0.000000	
0.000000	0.000000	0.000000	0.000000	
0.000000	0.000000	0.000000	0.000000	
0.000000	0.000000	0.000000	0.000000	
0.000000	0.000000	0.000000	0.000000	
0.000000	0.000000	0.000000	0.000000	
0.000000	0.000000	0.000000	0.000000	
0.000000	0.000000	0.000000	0.000000	
0.000000	0.000000	0.000000	0.000000	
0.000000	0.000000	0.000000	0.000000	
0.000000	0.000000	0.000000	0.000000	
0.000000	0.000000	0.000000	0.000000	
0.000000	0.000000	0.000000	0.000000	
0.000000	0.000000	0.000000	0.000000	
-0.200000	-0.200000	0.300000	0.000000	
0.000000	0.000000	0.000000	0.000000	
0.000000	0.000000	0.000000	0.000000	
0.000000	0.000000	0.000000	0.000000	
0.000000	0.000000	0.000000	0.000000	
0.000000	0.000000	0.000000	0.000000	
0.000000	0.000000	0.000000	0.000000	
0.000000	0.000000	0.000000	0.000000	
0.000000	0.000000	0.000000	0.000000	
0.000000	0.000000	0.000000	0.000000	
0.000000	0.000000	0.000000	0.000000	
0.000000	0.000000	0.000000	0.000000	
0.000000	0.000000	0.000000	0.000000	
0.000000	0.000000	0.000000	0.000000	
0.000000	0.000000	0.000000	0.000000	
0.000000	0.000000	0.000000	0.000000	
0.000000	0.000000	0.000000	0.000000	
0.000000	0.000000	0.000000	0.000000	
0.000000	0.000000	0.000000	0.000000	
0.000000	0.000000	0.000000	0.000000	
0.000000	0.000000	0.000000	0.000000	
0.000000	0.000000	0.000000	0.000000	
0.000000	0.000000	0.000000	0.000000	
0.000000	0.000000	0.000000	0.000000	
0.000000	0.000000	0.000000	0.000000	
0.000000	0.000000	0.000000	0.000000	
0.000000	0.000000	0.000000	0.000000	
0.000000	0.000000	0.000000	0.000000	
0.000000	0.000000	0.000000	0.000000	
0.000000	0.000000	0.000000	0.000000	
0.000000	0.000000	0.000000	0.000000	
0.000000	0.000000	0.000000	0.000000	
1.000000	-0.501801	-0.500000	-0.500000	
1.000000	-0.499729	-0.499878	-0.501153	
0.000000	0.000000	0.000000	0.000000	
0.000000	0.000000	0.000000	0.000000	
1.000000	-0.499995	-0.499998	-0.500000	
1.000000	0.000000	-0.408000	0.000000	
0.000000	0.000000	0.000000	0.000000	
0.000000	0.000000	0.000000	0.000000	
0.000000	0.000000	0.000000	0.000000	
0.000000	0.000000	0.000000	0.000000	
0.000000	0.000000	0.000000	0.000000	
0.000000	0.000000	0.000000	0.000000	
0.000000	0.000000	0.000000	0.000000	
0.000000	0.000000	0.000000	0.000000	
0.000000	0.000000	0.000000	0.000000	
0.000000	0.000000	0.000000	0.000000	
0.000000	0.000000	0.000000	0.000000	
0.000000	0.000000	0.000000	0.000000	
0.000000	0.000000	0.000000	0.000000	
0.000000	0.000000	0.000000	0.000000	
0.000000	0.000000	0.000000	0.000000	
0.000000	0.000000	0.000000	0.000000	
0.000000	0.000000	0.000000	0.000000	
0.000000	0.000000	0.000000	0.000000	
0.000000	0.000000	0.000000	0.000000	
0.000000	0.000000	0.000000	0.000000	
0.000000	0.000000	0.000000	0.000000	
0.000000	0.000000	0.000000	0.000000	
0.000000	0.000000	0.000000	0.000000	
0.000000	0.000000	0.000000	0.000000	
0.000000	0.000000	0.000000	0.000000	
0.000000	0.000000	0.000000	0.000000	
0.000000	0.000000	0.000000	0.000000	
0.000000	0.000000	0.000000	0.000000	
0.000000	0.000000	0.000000	0.000000	
0.000000	0.000000	0.000000	0.000000	
0.000000	0.000000	0.000000	0.000000	
0.000000	0.000000	0.000000	0.000000	
0.000000	0.000000	0.000000	0.000000	
0.000000	0.000000	0.000000	0.000000	
0.000000	0.000000	0.000000	0.000000	
0.000000	0.000000	0.000000	0.000000	
0.000000	0.000000	0.000000	0.000000	
0.000000	0.000000	0.000000	0.000000	
0.000000	0.000000	0.000000	0.000000	
0.000000	0.000000	0.000000	0.000000	
0.000000	0.000000	0.000000	0.000000	
0.000000	0.000000	0.000000	0.000000	
0.000000	0.000000	0.000000	0.000000	
0.000000	0.000000	0.000000	0.000000	
0.000000	0.000000	0.000000	0.000000	
0.000000	0.000000	0.000000	0.000000	
0.000000	0.000000	0.000000	0.000000	
0.000000	0.000000	0.000000	0.000000	
0.000000	-0.200000	0.000000	0.000000	
0.000000	0.000000	0.000000	0.000000	
0.000000	0.000000	0.000000	0.000000	
0.000000	0.000000	0.000000	0.000000	
0.000000	0.000000	0.000000	0.000000	
0.000000	0.000000	0.000000	0.000000	
0.000000	0.000000	0.000000	0.000000	
0.000000	0.000000	0.000000	0.000000	
-0.301600	-0.416298	-0.445183	0.938431	
-0.374896	-0.100000	-0.325212	0.875850	
-0.424192	-0.507345	-0.515504	0.994726	
0.000000	-0.360000	-0.123228	0.000000	
0.000000	1.000000	-0.376546	-0.388000	
-0.497894	1.000000	0.000000	-0.286800	
-0.437979	-0.180000	-0.491008	0.981803	
-0.200000	-0.200000	-0.360000	0.398160	
0.000000	0.000000	0.000000	0.000000	
0.000000	0.000000	0.000000	0.000000	
0.000000	0.000000	0.000000	0.000000	
0.000000	0.000000	0.000000	0.000000	
0.000000	0.000000	0.000000	0.000000	
0.000000	0.000000	0.000000	0.000000	
0.000000	0.000000	0.000000	0.000000	
0.000000	0.000000	0.000000	0.000000	
0.000000	0.000000	0.000000	0.000000	
0.000000	0.000000	0.000000	0.000000	
0.000000	0.000000	0.000000	0.000000	
0.000000	0.000000	0.000000	0.000000	
0.000000	0.000000	0.000000	0.000000	
0.000000	0.000000	0.000000	0.000000	
0.000000	0.000000	0.000000	0.000000	
0.000000	0.000000	0.000000	0.000000	
-0.466378	-0.442502	1.000000	-0.452702	
-0.100000	-0.368928	1.000000	-0.265422	
-0.500021	-0.499957	1.000000	-0.502391	
-0.277640	0.000000	0.850240	0.000000	
-0.100000	1.000000	-0.100000	-0.200000	
0.000000	0.000000	0.000000	0.000000	
-0.346400	-0.180000	1.000000	-0.244000	
0.000000	0.000000	0.000000	0.000000	
0.000000	0.000000	0.000000	0.000000	
0.000000	0.000000	0.000000	0.000000	
0.000000	0.000000	0.000000	0.000000	
0.000000	0.000000	0.000000	0.000000	
0.000000	0.000000	0.000000	0.000000	
0.000000	0.000000	0.000000	0.000000	
0.000000	0.000000	0.000000	0.000000	
0.000000	0.000000	0.000000	0.000000	
0.000000	0.000000	0.000000	0.000000	
0.000000	0.000000	0.000000	0.000000	
0.000000	0.000000	0.000000	0.000000	
0.000000	0.000000	0.000000	0.000000	
0.000000	0.000000	0.000000	0.000000	
0.000000	0.000000	0.000000	0.000000	
0.000000	0.000000	0.000000	0.000000	
0.000000	0.000000	0.000000	0.000000	
0.000000	0.000000	0.000000	0.000000	
0.000000	0.000000	0.000000	0.000000	
0.000000	0.000000	0.000000	0.000000	
0.000000	0.000000	0.000000	0.000000	
0.000000	0.000000	0.000000	0.000000	
0.000000	0.000000	0.000000	0.000000	
0.000000	0.000000	0.000000	0.000000	
0.000000	0.000000	0.000000	0.000000	
0.000000	0.000000	0.000000	0.000000	
0.000000	0.000000	0.000000	0.000000	
0.000000	0.000000	0.000000	0.000000	
0.000000	0.000000	0.000000	0.000000	
0.000000	0.000000	0.000000	0.000000	
0.000000	0.000000	0.000000	0.000000	
0.000000	0.000000	0.000000	0.000000	
0.000000	0.000000	0.000000	0.000000	
0.000000	0.000000	0.000000	0.000000	
0.000000	0.000000	0.000000	0.000000	
0.000000	0.000000	0.000000	0.000000	
0.000000	0.000000	0.000000	0.000000	
0.000000	0.000000	0.000000	0.000000	
0.000000	0.000000	0.000000	0.000000	
0.000000	0.000000	0.000000	0.000000	
0.000000	0.000000	0.000000	0.000000	
0.000000	0.000000	0.000000	0.000000	
0.000000	0.000000	0.000000	0.000000	
0.000000	0.000000	0.000000	0.000000	
0.000000	0.000000	0.000000	0.000000	
0.000000	0.000000	0.000000	0.000000	
0.000000	0.000000	0.000000	0.000000	
0.000000	0.000000	0.000000	0.000000	
0.000000	0.000000	0.000000	0.000000	
0.000000	0.000000	0.000000	0.000000	
0.000000	0.000000	0.000000	0.000000	
0.000000	0.000000	0.000000	0.000000	
0.000000	0.000000	0.000000	0.000000	
0.000000	0.000000	0.000000	0.000000	
0.000000	0.000000	0.000000	0.000000	
0.000000	0.000000	0.000000	0.000000	
0.000000	0.000000	0.000000	0.000000	
0.000000	0.000000	0.000000	0.000000	
0.000000	0.000000	0.000000	0.000000	
0.000000	0.000000	0.000000	0.000000	
0.000000	0.000000	0.000000	0.000000	
0.000000	0.000000	0.000000	0.000000	
0.000000	0.000000	0.000000	0.000000	
0.000000	0.000000	0.000000	0.000000	
0.000000	0.000000	0.000000	0.000000	
0.000000	0.000000	0.000000	0.000000	
0.000000	0.000000	0.000000	0.000000	
0.000000	0.000000	0.000000	0.000000	
0.000000	0.000000	0.000000	0.000000	
0.000000	0.000000	0.000000	0.000000	
0.000000	0.000000	0.000000	0.000000	
0.000000	0.000000	0.000000	0.000000	
0.000000	0.000000	0.000000	0.000000	
0.000000	0.000000	0.000000	0.000000	
0.000000	0.000000	0.000000	0.000000	
0.000000	0.000000	0.000000	0.000000	
0.000000	0.000000	0.000000	0.000000	
0.000000	0.000000	0.000000	0.000000	
0.000000	0.000000	0.000000	0.000000	
0.000000	0.000000	0.000000	0.000000	
0.000000	0.000000	0.000000	0.000000	
0.000000	0.000000	0.000000	0.000000	
0.000000	0.000000	0.000000	0.000000	
0.000000	0.000000	0.000000	0.000000	
0.000000	0.000000	0.000000	0.000000	
0.000000	0.000000	0.000000	0.000000	
0.000000	0.000000	0.000000	0.000000	
0.000000	0.000000	0.000000	0.000000	
0.000000	0.000000	0.000000	0.000000	
0.000000	0.000000	0.000000	0.000000	
0.000000	0.000000	0.000000	0.000000	
0.000000	0.000000	0.000000	0.000000	
0.000000	0.000000	0.000000	0.000000	
0.000000	0.000000	0.000000	0.000000	
0.000000	0.000000	0.000000	0.000000	
0.000000	0.000000	0.000000	0.000000	
0.000000	0.000000	0.000000	0.000000	
0.000000	0.000000	0.000000	0.000000	
0.000000	0.000000	0.000000	0.000000	
0.000000	0.000000	0.000000	0.000000	
0.000000	0.000000	0.000000	0.000000	
0.000000	0.000000	0.000000	0.000000	
0.000000	0.000000	0.000000	0.000000	
0.000000	0.000000	0.000000	0.000000	
0.000000	0.000000	0.000000	0.000000	
0.000000	0.000000	0.000000	0.000000	
0.000000	0.000000	0.000000	0.000000	
0.000000	0.000000	0.000000	0.000000	
0.000000	0.000000	0.000000	0.000000	
0.000000	0.000000	0.000000	0.000000	
0.000000	0.000000	0.000000	0.000000	
0.000000	0.000000	0.000000	0.000000	
0.000000	0.000000	0.000000	0.000000	
0.000000	0.000000	0.000000	0.000000	
0.000000	0.000000	0.000000	0.000000	
0.000000	0.000000	0.000000	0.000000	
0.000000	0.000000	0.000000	0.000000	
0.000000	0.000000	0.000000	0.000000	
0.000000	0.000000	0.000000	0.000000	
0.000000	0.000000	0.000000	0.000000	
0.000000	0.000000	0.000000	0.000000	
0.000000	0.000000	0.000000	0.000000	
0.000000	0.000000	0.000000	0.000000	
0.000000	0.000000	0.000000	0.000000	
0.000000	0.000000	0.000000	0.000000	
0.000000	0.000000	0.000000	0.000000	
0.000000	0.000000	0.000000	0.000000	
0.000000	0.000000	0.000000	0.000000	
0.000000	0.000000	0.000000	0.000000	
0.000000	0.000000	0.000000	0.000000	
0.000000	0.000000	0.000000	0.000000	
0.000000	0.000000	0.000000	0.000000	
0.000000	0.000000	0.000000	0.000000	
0.000000	0.000000	0.000000	0.000000	
0.000000	0.000000	0.000000	0.000000	
0.000000	0.000000	0.000000	0.000000	
0.000000	0.000000	0.000000	0.000000	
0.000000	0.000000	0.000000	0.000000	
0.000000	0.000000	0.000000	0.000000	
0.000000	0.000000	0.000000	0.000000	
0.000000	0.000000	0.000000	0.000000	
0.000000	0.000000	0.000000	0.000000	
0.000000	0.000000	0.000000	0.000000	
0.000000	0.000000	0.000000	0.000000	
0.000000	0.000000	0.000000	0.000000	
0.000000	0.000000	0.000000	0.000000	
0.000000	0.000000	0.000000	0.000000	
0.000000	0.000000	0.000000	0.000000	
0.000000	0.000000	0.000000	0.000000	
0.000000	0.000000	0.000000	0.000000	
0.000000	0.000000	0.000000	0.000000	
0.000000	0.000000	0.000000	0.000000	
0.000000	0.000000	0.000000	0.000000	
0.000000	0.000000	0.000000	0.000000	
0.000000	0.000000	0.000000	0.000000	
0.000000	0.000000	0.000000	0.000000	
0.000000	0.000000	0.000000	0.000000	
0.000000	0.000000	0.000000	0.000000	
0.000000	0.000000	0.000000	0.000000	
0.000000	0.000000	0.000000	0.000000	
0.000000	0.000000	0.000000	0.000000	
0.000000	0.000000	0.000000	0.000000	
0.000000	0.000000	0.000000	0.000000	
0.000000	0.000000	0.000000	0.000000	
0.000000	0.000000	0.000000	0.000000	
0.000000	0.000000	0.000000	0.000000	
0.000000	0.000000	0.000000	0.000000	
0.000000	0.000000	0.000000	0.000000	
0.000000	0.000000	0.000000	0.000000	
0.000000	0.000000	0.000000	0.000000	
0.000000	0.000000	0.000000	0.000000	
0.000000	0.000000	0.000000	0.000000	
0.000000	0.000000	0.000000	0.000000	
0.000000	0.000000	0.000000	0.000000	
0.000000	0.000000	0.000000	0.000000	
0.000000	0.000000	0.000000	0.000000	
0.000000	0.000000	0.000000	0.000000	
0.000000	0.000000	0.000000	0.000000	
0.000000	0.000000	0.000000	0.000000	
0.000000	0.000000	0.000000	0.000000	
0.000000	0.000000	0.000000	0.000000	
0.000000	0.000000	0.000000	0.000000	
0.000000	0.000000	0.000000	0.000000	
0.000000	0.000000	0.000000	0.000000	
0.000000	0.000000	0.000000	0.000000	
0.000000	0.000000	0.000000	0.000000	
0.000000	0.000000	0.000000	0.000000	
0.000000	0.000000	0.000000	0.000000	
0.000000	0.000000	0.000000	0.000000	
0.000000	0.000000	0.000000	0.000000	
0.000000	0.000000	0.000000	0.000000	
0.000000	0.000000	0.000000	0.000000	
0.000000	0.000000	0.000000	0.000000	
0.000000	0.000000	0.000000	0.000000	
0.000000	0.000000	0.000000	0.000000	
0.000000	0.000000	0.000000	0.000000	
0.000000	0.000000	0.000000	0.000000	
0.000000	0.000000	0.000000	0.000000	
0.000000	0.000000	0.000000	0.000000	
0.000000	0.000000	0.000000	0.000000	
0.000000	0.000000	0.000000	0.000000	
0.000000	0.000000	0.000000	0.000000	
0.000000	0.000000	0.000000	0.000000	
0.000000	0.000000	0.000000	0.000000	
0.000000	0.000000	0.000000	0.000000	
0.000000	0.000000	0.000000	0.000000	
0.000000	0.000000	0.000000	0.000000	
0.000000	0.000000	0.000000	0.000000	
0.000000	0.000000	0.000000	0.000000	
0.000000	0.000000	0.000000	0.000000	
0.000000	0.000000	0.000000	0.000000	
0.000000	0.000000	0.000000	0.000000	
0.000000	0.000000	0.000000	0.000000	
0.000000	0.000000	0.000000	0.000000	
0.000000	0.000000	0.000000	0.000000	
0.000000	0.000000	0.000000	0.000000	
0.000000	0.000000	0.000000	0.000000	
0.000000	0.000000	0.000000	0.000000	
0.000000	0.000000	0.000000	0.000000	
0.000000	0.000000	0.000000	0.000000	
0.000000	0.000000	0.000000	0.000000	
0.000000	0.000000	0.000000	0.000000	
0.000000	0.000000	0.000000	0.000000	
0.000000	0.000000	0.000000	0.000000	
0.000000	0.000000	0.000000	0.000000	
0.000000	0.000000	0.000000	0.000000	
0.000000	0.000000	0.000000	0.000000	
1.000000	-0.360000	-0.260000	-0.284227	
0.000000	-0.100000	0.000000	0.000000	
0.000000	0.000000	0.000000	0.000000	
0.000000	0.000000	0.000000	0.000000	
1.000000	0.000000	-0.103370	0.000000	
0.000000	0.000000	0.000000	0.000000	
0.000000	0.000000	0.000000	0.000000	
0.000000	0.000000	0.000000	0.000000	
0.000000	0.000000	0.000000	0.000000	
0.000000	0.000000	0.000000	0.000000	
0.000000	0.000000	0.000000	0.000000	
0.000000	0.000000	0.000000	0.000000	
0.000000	0.000000	0.000000	0.000000	
0.000000	0.000000	0.000000	0.000000	
0.000000	0.000000	0.000000	0.000000	
0.000000	0.000000	0.000000	0.000000	
-0.478010	-0.494235	1.000000	-0.489905	
0.000000	-0.100000	0.200000	0.000000	
0.000000	0.000000	0.000000	0.000000	
0.000000	0.000000	0.000000	0.000000	
-0.457050	-0.368928	1.000000	-0.437568	
0.000000	0.000000	0.000000	0.000000	
0.000000	0.000000	0.000000	0.000000	
0.000000	0.000000	0.000000	0.000000	
0.000000	0.000000	0.000000	0.000000	
0.000000	0.000000	0.000000	0.000000	
0.000000	0.000000	0.000000	0.000000	
0.000000	0.000000	0.000000	0.000000	
0.000000	0.000000	0.000000	0.000000	
0.000000	0.000000	0.000000	0.000000	
0.000000	0.000000	0.000000	0.000000	
0.000000	0.000000	0.000000	0.000000	
0.000000	0.000000	0.000000	0.000000	
0.000000	0.000000	0.000000	0.000000	
0.000000	0.000000	0.000000	0.000000	
0.000000	0.000000	0.000000	0.000000	
0.000000	0.000000	0.000000	0.000000	
0.000000	0.000000	0.000000	0.000000	
0.000000	0.000000	0.000000	0.000000	
0.000000	0.000000	0.000000	0.000000	
0.000000	0.000000	0.000000	0.000000	
0.000000	0.000000	0.000000	0.000000	
0.000000	0.000000	0.000000	0.000000	
0.000000	0.000000	0.000000	0.000000	
0.000000	0.000000	0.000000	0.000000	
0.000000	0.000000	0.000000	0.000000	
0.000000	0.000000	0.000000	0.000000	
0.000000	0.000000	0.000000	0.000000	
0.000000	0.000000	0.000000	0.000000	
0.000000	0.000000	0.000000	0.000000	
0.000000	0.000000	0.000000	0.000000	
0.000000	0.000000	0.000000	0.000000	
0.000000	0.000000	0.000000	0.000000	
0.000000	0.000000	0.000000	0.000000	
0.000000	0.000000	0.000000	0.000000	
0.000000	0.000000	0.000000	0.000000	
0.000000	0.000000	0.000000	0.000000	
0.000000	0.000000	0.000000	0.000000	
0.000000	0.000000	0.000000	0.000000	
0.000000	0.000000	0.000000	0.000000	
0.000000	0.000000	0.000000	0.000000	
0.000000	0.000000	0.000000	0.000000	
0.000000	0.000000	0.000000	0.000000	
0.000000	0.000000	0.000000	0.000000	
0.000000	0.000000	0.000000	0.000000	
0.000000	0.000000	0.000000	0.000000	
0.000000	0.000000	0.000000	0.000000	
0.000000	0.000000	0.000000	0.000000	
0.000000	0.000000	0.000000	0.000000	
0.000000	0.000000	0.000000	0.000000	
0.000000	0.000000	0.000000	0.000000	
0.000000	0.000000	0.000000	0.000000	
0.000000	0.000000	0.000000	0.000000	
0.000000	0.000000	0.000000	0.000000	
0.000000	0.000000	0.000000	0.000000	
0.000000	0.000000	0.000000	0.000000	
0.000000	0.000000	0.000000	0.000000	
0.000000	0.000000	0.000000	0.000000	
0.000000	0.000000	0.000000	0.000000	
0.000000	0.000000	0.000000	0.000000	
0.000000	0.000000	0.000000	0.000000	
0.000000	0.000000	0.000000	0.000000	
0.000000	0.000000	0.000000	0.000000	
0.000000	0.000000	0.000000	0.000000	
0.000000	0.000000	0.000000	0.000000	
0.000000	0.000000	0.000000	0.000000	
0.000000	0.000000	0.000000	0.000000	
0.000000	0.000000	0.000000	0.000000	
0.000000	0.000000	0.000000	0.000000	
0.000000	0.000000	0.000000	0.000000	
0.000000	0.000000	0.000000	0.000000	
0.000000	0.000000	0.000000	0.000000	
0.000000	0.000000	0.000000	0.000000	
0.000000	0.000000	0.000000	0.000000	
0.000000	0.000000	0.000000	0.000000	
0.000000	0.000000	0.000000	0.000000	
0.000000	0.000000	0.000000	0.000000	
0.000000	0.000000	0.000000	0.000000	
0.000000	0.000000	0.000000	0.000000	
0.000000	0.000000	0.000000	0.000000	
0.000000	0.000000	0.000000	0.000000	
0.000000	0.000000	0.000000	0.000000	
0.000000	0.000000	0.000000	0.000000	
0.000000	0.000000	0.000000	0.000000	
0.000000	0.000000	0.000000	0.000000	
0.000000	0.000000	0.000000	0.000000	
0.000000	0.000000	0.000000	0.000000	
0.000000	0.000000	0.000000	0.000000	
0.000000	0.000000	0.000000	0.000000	
0.000000	0.000000	0.000000	0.000000	
0.000000	0.000000	0.000000	0.000000	
0.000000	0.000000	0.000000	0.000000	
0.000000	0.000000	0.000000	0.000000	
0.000000	0.000000	0.000000	0.000000	
0.000000	0.000000	0.000000	0.000000	
0.000000	0.000000	0.000000	0.000000	
0.000000	0.000000	0.000000	0.000000	
0.000000	0.000000	0.000000	0.000000	
0.000000	0.000000	0.000000	0.000000	
0.000000	0.000000	0.000000	0.000000	
0.000000	0.000000	0.000000	0.000000	
0.000000	0.000000	0.000000	0.000000	
0.000000	0.000000	0.000000	0.000000	
0.000000	0.000000	0.000000	0.000000	
0.000000	0.000000	0.000000	0.000000	
0.000000	0.000000	0.000000	0.000000	
0.000000	0.000000	0.000000	0.000000	
0.000000	0.000000	0.000000	0.000000	
1.000000	-0.341030	-0.295200	-0.405645	
0.300000	-0.100000	-0.200000	-0.200000	
0.000000	0.000000	0.000000	0.000000	
0.000000	0.000000	0.000000	0.000000	
1.000000	-0.336160	-0.352380	-0.100000	
0.200000	0.000000	0.000000	0.000000	
0.000000	0.000000	0.000000	0.000000	
0.000000	0.000000	0.000000	0.000000	
1.000000	-0.515009	-0.514239	-0.497200	
0.000000	-0.200000	-0.100000	0.000000	
0.000000	0.000000	0.000000	0.000000	
0.000000	0.000000	0.000000	0.000000	
1.000000	-0.470388	-0.501184	-0.483742	
0.200000	0.000000	0.000000	0.000000	
0.000000	0.000000	0.000000	0.000000	
0.000000	0.000000	0.000000	0.000000	
0.000000	0.000000	0.000000	0.000000	
0.000000	0.000000	0.000000	0.000000	
0.000000	0.000000	0.000000	0.000000	
0.000000	0.000000	0.000000	0.000000	
0.000000	0.000000	0.000000	0.000000	
0.000000	0.000000	0.000000	0.000000	
0.000000	0.000000	0.000000	0.000000	
0.000000	0.000000	0.000000	0.000000	
0.000000	0.000000	0.000000	0.000000	
0.000000	0.000000	0.000000	0.000000	
0.000000	0.000000	0.000000	0.000000	
0.000000	0.000000	0.000000	0.000000	
0.000000	0.000000	0.000000	0.000000	
0.000000	0.000000	0.000000	0.000000	
