0.000000	0.000000	0.000000	0.000000	
0.000000	0.000000	0.000000	0.000000	
0.000000	0.000000	0.000000	0.000000	
0.000000	0.000000	0.000000	0.000000	
0.000000	0.000000	0.000000	0.000000	
0.000000	0.000000	0.000000	0.000000	
0.000000	0.000000	0.000000	0.000000	
0.000000	0.000000	0.000000	0.000000	
0.000000	0.000000	0.000000	0.000000	
0.000000	0.000000	0.000000	0.000000	
0.000000	0.000000	0.000000	0.000000	
0.000000	0.000000	0.000000	0.000000	
0.000000	0.000000	0.000000	0.000000	
0.000000	0.000000	0.000000	0.000000	
0.000000	0.000000	0.000000	0.000000	
0.000000	0.000000	0.000000	0.000000	
0.000000	0.000000	0.000000	0.000000	
0.000000	0.000000	0.000000	0.000000	
0.000000	0.000000	0.000000	0.000000	
0.000000	0.000000	0.000000	0.000000	
0.000000	0.000000	0.000000	0.000000	
0.000000	0.000000	0.000000	0.000000	
0.000000	0.000000	0.000000	0.000000	
0.000000	0.000000	0.000000	0.000000	
0.000000	0.000000	0.000000	0.000000	
0.000000	0.000000	0.000000	0.000000	
0.000000	0.000000	0.000000	0.000000	
0.000000	0.000000	0.000000	0.000000	
0.000000	0.000000	0.000000	0.000000	
0.000000	0.000000	0.000000	0.000000	
0.000000	0.000000	0.000000	0.000000	
0.000000	0.000000	0.000000	0.000000	
0.000000	0.000000	0.000000	0.000000	
0.000000	0.000000	0.000000	0.000000	
1.000000	-0.590613	-0.449988	-0.517962	
1.000000	0.000000	0.000000	0.000000	
0.000000	0.000000	0.000000	0.000000	
0.000000	0.000000	0.000000	0.000000	
1.000000	-0.495200	-0.446285	-0.663150	
1.000000	0.000000	0.000000	0.000000	
0.000000	0.000000	0.000000	0.000000	
0.000000	0.000000	0.000000	0.000000	
0.000000	0.000000	0.000000	0.000000	
0.000000	0.000000	0.000000	0.000000	
0.000000	0.000000	0.000000	0.000000	
0.000000	0.000000	0.000000	0.000000	
0.000000	0.000000	0.000000	0.000000	
0.000000	0.000000	0.000000	0.000000	
0.000000	0.000000	0.000000	0.000000	
0.000000	0.000000	0.000000	0.000000	
0.000000	0.000000	0.000000	0.000000	
0.000000	0.000000	0.000000	0.000000	
0.000000	0.000000	0.000000	0.000000	
0.000000	0.000000	0.000000	0.000000	
0.000000	0.000000	0.000000	0.000000	
0.000000	0.000000	0.000000	0.000000	
0.000000	0.000000	0.000000	0.000000	
0.000000	0.000000	0.000000	0.000000	
0.000000	0.000000	0.000000	0.000000	
0.000000	0.000000	0.000000	0.000000	
0.000000	0.000000	0.000000	0.000000	
0.000000	0.000000	0.000000	0.000000	
0.000000	0.000000	0.000000	0.000000	
0.000000	0.000000	0.000000	0.000000	
0.000000	0.000000	0.000000	0.000000	
0.000000	0.000000	0.000000	0.000000	
0.000000	0.000000	0.000000	0.000000	
0.000000	0.000000	0.000000	0.000000	
0.000000	0.000000	0.000000	0.000000	
0.000000	0.000000	0.000000	0.000000	
0.000000	0.000000	0.000000	0.000000	
0.000000	0.000000	0.000000	0.000000	
0.000000	0.000000	0.000000	0.000000	
0.000000	0.000000	0.000000	0.000000	
0.000000	0.000000	0.000000	0.000000	
0.000000	0.000000	0.000000	0.000000	
0.000000	0.000000	0.000000	0.000000	
0.000000	0.000000	0.000000	0.000000	
0.000000	0.000000	0.000000	0.000000	
0.000000	0.000000	0.000000	0.000000	
0.000000	0.000000	0.000000	0.000000	
0.000000	0.000000	0.000000	0.000000	
0.000000	0.000000	0.000000	0.000000	
0.000000	0.000000	0.000000	0.000000	
0.000000	0.000000	0.000000	0.000000	
0.000000	0.000000	0.000000	0.000000	
0.000000	0.000000	0.000000	0.000000	
0.000000	0.000000	0.000000	0.000000	
0.000000	0.000000	0.000000	0.000000	
0.000000	0.000000	0.000000	0.000000	
0.000000	0.000000	0.000000	0.000000	
0.000000	0.000000	0.000000	0.000000	
0.000000	0.000000	0.000000	0.000000	
0.000000	0.000000	0.000000	0.000000	
0.000000	0.000000	0.000000	0.000000	
0.000000	0.000000	0.000000	0.000000	
1.000000	0.000000	-0.190000	-0.100000	
0.849126	-0.078439	-0.190000	-0.190000	
1.000000	0.000000	-0.300000	-0.346716	
1.000000	-0.140000	-0.360000	-0.061327	
0.000000	1.000000	-0.200000	0.000000	
-0.100000	0.550240	0.000000	-0.100000	
1.000000	0.000000	0.000000	-0.140000	
1.000000	-0.040000	-0.100000	-0.100000	
0.000000	0.000000	0.000000	0.000000	
0.000000	0.000000	0.000000	0.000000	
0.000000	0.000000	0.000000	0.000000	
0.000000	0.000000	0.000000	0.000000	
0.000000	0.000000	0.000000	0.000000	
0.000000	0.000000	0.000000	0.000000	
0.000000	0.000000	0.000000	0.000000	
0.000000	0.000000	0.000000	0.000000	
0.000000	0.000000	0.000000	0.000000	
0.000000	0.000000	0.000000	0.000000	
0.000000	0.000000	0.000000	0.000000	
0.000000	0.000000	0.000000	0.000000	
0.000000	0.000000	0.000000	0.000000	
0.000000	0.000000	0.000000	0.000000	
0.000000	0.000000	0.000000	0.000000	
0.000000	0.000000	0.000000	0.000000	
-0.200000	-0.094000	1.000000	0.000000	
-0.190000	-0.040000	0.336400	-0.190000	
-0.524263	-0.595773	1.000000	-0.140000	
0.000000	-0.200000	1.000000	-0.200000	
-0.056750	1.000000	-0.200000	-0.100000	
0.000000	0.394000	0.000000	0.000000	
0.000000	-0.410144	1.000000	-0.426339	
0.000000	0.000000	0.834157	0.000000	
0.000000	0.000000	0.000000	0.000000	
0.000000	0.000000	0.000000	0.000000	
0.000000	0.000000	0.000000	0.000000	
0.000000	0.000000	0.000000	0.000000	
0.000000	0.000000	0.000000	0.000000	
0.000000	0.000000	0.000000	0.000000	
0.000000	0.000000	0.000000	0.000000	
0.000000	0.000000	0.000000	0.000000	
0.000000	0.000000	0.000000	0.000000	
0.000000	0.000000	0.000000	0.000000	
0.000000	0.000000	0.000000	0.000000	
0.000000	0.000000	0.000000	0.000000	
0.000000	0.000000	0.000000	0.000000	
0.000000	0.000000	0.000000	0.000000	
0.000000	0.000000	0.000000	0.000000	
0.000000	0.000000	0.000000	0.000000	
0.000000	0.000000	0.000000	0.000000	
0.000000	0.000000	0.000000	0.000000	
0.000000	0.000000	0.000000	0.000000	
0.000000	0.000000	0.000000	0.000000	
0.000000	0.000000	0.000000	0.000000	
0.000000	0.000000	0.000000	0.000000	
0.000000	0.000000	0.000000	0.000000	
0.000000	0.000000	0.000000	0.000000	
0.000000	0.000000	0.000000	0.000000	
0.000000	0.000000	0.000000	0.000000	
0.000000	0.000000	0.000000	0.000000	
0.000000	0.000000	0.000000	0.000000	
0.000000	0.000000	0.000000	0.000000	
0.000000	0.000000	0.000000	0.000000	
0.000000	0.000000	0.000000	0.000000	
0.000000	0.000000	0.000000	0.000000	
0.648851	-0.100000	-0.190000	-0.081760	
0.000000	0.000000	-0.040000	-0.100000	
1.000000	-0.100000	-0.082424	0.000000	
0.000000	0.000000	0.000000	-0.100000	
0.000000	0.160000	0.000000	0.000000	
0.000000	0.000000	0.000000	0.000000	
1.000000	-0.040000	-0.100000	0.000000	
0.000000	-0.040000	0.000000	0.000000	
0.000000	0.000000	0.000000	0.000000	
0.000000	0.000000	0.000000	0.000000	
0.621294	-0.100000	0.000000	0.000000	
0.000000	0.000000	0.000000	-0.067728	
0.000000	0.000000	0.000000	0.000000	
0.000000	0.000000	0.000000	0.000000	
0.592028	-0.040000	-0.040000	-0.040000	
0.000000	0.000000	0.000000	0.000000	
-0.158554	0.000000	1.000000	-0.100000	
0.000000	0.000000	0.000000	0.000000	
0.000000	0.000000	1.000000	-0.200000	
0.000000	0.000000	0.754562	0.000000	
-0.130000	0.655216	-0.100000	0.000000	
0.000000	0.000000	0.000000	0.000000	
0.000000	0.000000	1.000000	0.000000	
0.000000	-0.040000	0.431405	0.000000	
-0.200000	-0.200000	1.000000	-0.200000	
-0.100000	0.000000	0.000000	-0.164070	
-0.200000	-0.360000	1.000000	-0.321287	
-0.040000	-0.100000	0.000000	-0.100000	
-0.088000	0.304000	0.000000	-0.100000	
0.000000	0.000000	0.000000	0.000000	
0.000000	-0.040000	1.000000	0.000000	
-0.040000	-0.040000	0.000000	0.000000	
0.000000	0.000000	0.000000	0.000000	
0.000000	0.000000	0.000000	0.000000	
0.000000	0.000000	0.000000	0.000000	
0.000000	0.000000	0.000000	0.000000	
0.000000	0.000000	0.000000	0.000000	
0.000000	0.000000	0.000000	0.000000	
0.000000	0.000000	0.000000	0.000000	
0.000000	0.000000	0.000000	0.000000	
0.000000	0.000000	0.000000	0.000000	
0.000000	0.000000	0.000000	0.000000	
0.000000	0.000000	0.000000	0.000000	
0.000000	0.000000	0.000000	0.000000	
0.000000	0.000000	0.000000	0.000000	
0.000000	0.000000	0.000000	0.000000	
0.000000	0.000000	0.000000	0.000000	
0.000000	0.000000	0.000000	0.000000	
0.000000	0.000000	0.000000	0.000000	
0.000000	0.000000	0.000000	0.000000	
0.000000	0.000000	0.000000	0.000000	
0.000000	0.000000	0.000000	0.000000	
0.000000	0.000000	0.000000	0.000000	
0.000000	0.000000	0.000000	0.000000	
0.000000	0.000000	0.000000	0.000000	
0.000000	0.000000	0.000000	0.000000	
0.000000	0.000000	0.000000	0.000000	
0.000000	0.000000	0.000000	0.000000	
0.000000	0.000000	0.000000	0.000000	
0.000000	0.000000	0.000000	0.000000	
0.000000	0.000000	0.000000	0.000000	
0.000000	0.000000	0.000000	0.000000	
0.000000	0.000000	0.000000	0.000000	
0.000000	0.000000	0.000000	0.000000	
0.931701	-0.040000	-0.100000	-0.100000	
0.314011	0.000000	-0.084400	0.000000	
1.000000	-0.200000	-0.560544	-0.200000	
0.100000	0.000000	0.000000	-0.360000	
0.000000	0.550240	-0.100000	-0.190000	
0.000000	0.000000	0.000000	0.000000	
1.000000	-0.087549	-0.040000	-0.040000	
0.340000	0.000000	0.000000	0.000000	
0.761512	-0.049120	-0.100000	0.000000	
0.000000	0.000000	0.000000	0.000000	
1.000000	-0.200000	-0.200000	-0.360000	
0.224426	0.000000	0.000000	0.000000	
-0.100000	0.655216	0.000000	0.000000	
0.000000	0.160000	0.000000	0.000000	
1.000000	0.000000	0.000000	0.000000	
0.460824	0.000000	-0.100000	0.000000	
0.000000	0.000000	0.000000	0.000000	
0.000000	0.000000	0.000000	0.000000	
0.000000	0.000000	0.000000	0.000000	
0.000000	0.000000	0.000000	0.000000	
0.000000	0.000000	0.000000	0.000000	
0.000000	0.000000	0.000000	0.000000	
0.000000	0.000000	0.000000	0.000000	
0.000000	0.000000	0.000000	0.000000	
-0.200000	-0.166659	1.000000	-0.100000	
-0.100000	-0.040000	0.243712	0.000000	
-0.200000	0.000000	1.000000	0.000000	
0.000000	0.000000	0.982652	0.000000	
-0.100000	0.789165	0.000000	0.000000	
0.000000	0.000000	0.000000	0.000000	
-0.200000	-0.040000	1.000000	-0.337824	
0.000000	-0.040000	0.000000	0.000000	
0.000000	0.000000	0.000000	0.000000	
0.000000	0.000000	0.000000	0.000000	
0.000000	0.000000	0.000000	0.000000	
0.000000	0.000000	0.000000	0.000000	
0.000000	0.000000	0.000000	0.000000	
0.000000	0.000000	0.000000	0.000000	
0.000000	0.000000	0.000000	0.000000	
0.000000	0.000000	0.000000	0.000000	
0.000000	0.000000	0.000000	0.000000	
0.000000	0.000000	0.000000	0.000000	
0.000000	0.000000	0.000000	0.000000	
0.000000	0.000000	0.000000	0.000000	
0.000000	0.000000	0.000000	0.000000	
0.000000	0.000000	0.000000	0.000000	
0.000000	0.000000	0.000000	0.000000	
0.000000	0.000000	0.000000	0.000000	
0.000000	0.000000	0.000000	0.000000	
0.000000	0.000000	0.000000	0.000000	
0.000000	0.000000	0.000000	0.000000	
0.000000	0.000000	0.000000	0.000000	
0.000000	0.000000	0.000000	0.000000	
0.000000	0.000000	0.000000	0.000000	
0.000000	0.000000	0.000000	0.000000	
0.000000	0.000000	0.000000	0.000000	
0.000000	0.000000	0.000000	0.000000	
0.000000	0.000000	0.000000	0.000000	
0.000000	0.000000	0.000000	0.000000	
0.000000	0.000000	0.000000	0.000000	
0.000000	0.000000	0.000000	0.000000	
0.000000	0.000000	0.000000	0.000000	
0.000000	0.000000	0.000000	0.000000	
0.000000	0.000000	0.000000	0.000000	
0.971261	-0.100000	-0.083200	0.000000	
0.312068	-0.190000	-0.190000	-0.100000	
1.000000	-0.360000	-0.360000	-0.200000	
0.250000	-0.200000	0.000000	0.000000	
-0.100000	0.749694	0.000000	-0.190000	
0.000000	0.000000	0.000000	0.000000	
0.989513	-0.040000	-0.169252	-0.040000	
0.100000	0.104000	0.000000	0.000000	
0.336400	0.000000	-0.094000	-0.100000	
0.000000	0.000000	0.000000	0.000000	
0.750168	-0.100000	-0.094000	-0.100000	
0.106000	0.000000	0.000000	0.000000	
0.000000	0.000000	-0.100000	-0.090400	
0.000000	0.000000	0.000000	0.000000	
0.214173	-0.040000	-0.100000	-0.100000	
0.000000	0.000000	0.000000	0.000000	
0.000000	-0.100000	0.419344	0.000000	
0.000000	0.000000	0.000000	0.000000	
0.000000	0.000000	0.000000	-0.094000	
0.000000	0.000000	0.000000	0.000000	
-0.190000	0.304000	0.000000	-0.100000	
0.000000	0.000000	0.000000	0.000000	
0.000000	0.000000	0.160000	0.000000	
0.000000	0.000000	0.000000	0.000000	
-0.200000	0.000000	1.000000	-0.175905	
-0.100000	-0.040000	0.190000	-0.100000	
0.000000	-0.275851	1.000000	-0.461106	
-0.100000	-0.190000	1.000000	-0.100000	
0.000000	1.000000	-0.140000	-0.200000	
-0.040000	0.000000	0.000000	-0.094000	
0.000000	0.000000	1.000000	-0.200000	
0.000000	0.000000	0.109600	0.000000	
0.000000	0.000000	0.000000	0.000000	
0.000000	0.000000	0.000000	0.000000	
0.000000	0.000000	0.000000	0.000000	
0.000000	0.000000	0.000000	0.000000	
0.000000	0.000000	0.000000	0.000000	
0.000000	0.000000	0.000000	0.000000	
0.000000	0.000000	0.000000	0.000000	
0.000000	0.000000	0.000000	0.000000	
0.000000	0.000000	0.000000	0.000000	
0.000000	0.000000	0.000000	0.000000	
0.000000	0.000000	0.000000	0.000000	
0.000000	0.000000	0.000000	0.000000	
0.000000	0.000000	0.000000	0.000000	
0.000000	0.000000	0.000000	0.000000	
0.000000	0.000000	0.000000	0.000000	
0.000000	0.000000	0.000000	0.000000	
0.000000	0.000000	0.000000	0.000000	
0.000000	0.000000	0.000000	0.000000	
0.000000	0.000000	0.000000	0.000000	
0.000000	0.000000	0.160000	0.000000	
0.000000	0.000000	0.000000	0.000000	
0.000000	0.000000	0.000000	0.000000	
0.000000	0.000000	0.000000	0.000000	
0.000000	0.000000	0.000000	0.000000	
0.000000	0.000000	0.000000	0.000000	
0.000000	0.000000	0.000000	0.000000	
0.000000	0.000000	0.000000	0.000000	
0.000000	0.000000	0.000000	0.000000	
0.000000	0.000000	0.000000	0.000000	
0.000000	0.000000	0.000000	0.000000	
0.000000	0.000000	0.000000	0.000000	
0.000000	0.000000	0.000000	0.000000	
0.000000	0.000000	0.000000	0.000000	
0.000000	0.000000	0.000000	0.000000	
1.000000	-0.164115	0.000000	-0.360000	
0.700418	-0.094000	-0.130000	-0.077224	
0.000000	0.000000	0.000000	0.000000	
0.000000	0.000000	0.000000	0.000000	
1.000000	-0.161202	-0.360000	-0.328805	
0.863724	0.000000	0.000000	0.000000	
0.000000	0.000000	0.000000	0.000000	
0.000000	0.000000	0.000000	0.000000	
0.000000	0.000000	0.000000	0.000000	
0.000000	0.000000	0.000000	0.000000	
0.000000	0.000000	0.000000	0.000000	
0.000000	0.000000	0.000000	0.000000	
0.000000	0.000000	0.000000	0.000000	
0.000000	0.000000	0.000000	0.000000	
0.000000	0.000000	0.000000	0.000000	
0.000000	0.000000	0.000000	0.000000	
1.000000	-0.200000	-0.360000	-0.360000	
0.958805	0.000000	0.000000	0.000000	
0.000000	0.000000	0.000000	0.000000	
0.000000	0.000000	0.000000	0.000000	
1.000000	-0.154949	-0.200000	-0.170144	
0.741457	-0.040000	-0.100000	-0.100000	
0.000000	0.000000	0.000000	0.000000	
0.000000	0.000000	0.000000	0.000000	
0.000000	0.000000	0.000000	0.000000	
0.000000	0.000000	0.000000	0.000000	
0.000000	0.000000	0.000000	0.000000	
0.000000	0.000000	0.000000	0.000000	
0.000000	0.000000	0.000000	0.000000	
0.000000	0.000000	0.000000	0.000000	
0.000000	0.000000	0.000000	0.000000	
0.000000	0.000000	0.000000	0.000000	
0.000000	0.000000	0.000000	0.000000	
0.000000	0.000000	0.000000	0.000000	
0.000000	0.000000	0.000000	0.000000	
0.000000	0.000000	0.000000	0.000000	
0.000000	0.000000	0.000000	0.000000	
0.000000	0.000000	0.000000	0.000000	
0.000000	0.000000	0.000000	0.000000	
0.000000	0.000000	0.000000	0.000000	
0.000000	0.000000	0.000000	0.000000	
0.000000	0.000000	0.000000	0.000000	
0.000000	0.000000	0.000000	0.000000	
0.000000	0.000000	0.000000	0.000000	
0.000000	0.000000	0.000000	0.000000	
0.000000	0.000000	0.000000	0.000000	
0.000000	0.000000	0.000000	0.000000	
0.000000	0.000000	0.000000	0.000000	
0.000000	0.000000	0.000000	0.000000	
0.000000	0.000000	0.000000	0.000000	
0.000000	0.000000	0.000000	0.000000	
0.000000	0.000000	0.000000	0.000000	
0.000000	0.000000	0.000000	0.000000	
0.000000	0.000000	0.000000	0.000000	
0.000000	0.000000	0.000000	0.000000	
0.000000	0.000000	0.000000	0.000000	
0.000000	0.000000	0.000000	0.000000	
0.000000	0.000000	0.000000	0.000000	
0.000000	0.000000	0.000000	0.000000	
0.000000	0.000000	0.000000	0.000000	
0.000000	0.000000	0.000000	0.000000	
0.000000	0.000000	0.000000	0.000000	
0.000000	0.000000	0.000000	0.000000	
0.000000	0.000000	0.000000	0.000000	
1.000000	0.000000	0.000000	-0.094000	
0.160000	0.000000	0.000000	0.000000	
0.000000	0.000000	0.000000	0.000000	
0.000000	0.000000	0.000000	0.000000	
1.000000	0.000000	-0.040000	0.000000	
0.160000	0.000000	-0.040000	-0.100000	
0.000000	0.000000	0.000000	0.000000	
0.000000	0.000000	0.000000	0.000000	
1.000000	0.000000	0.000000	0.000000	
0.000000	0.000000	-0.040000	0.000000	
0.000000	0.000000	0.000000	0.000000	
0.000000	0.000000	0.000000	0.000000	
1.000000	-0.040000	-0.100000	0.000000	
0.000000	-0.040000	0.000000	0.000000	
0.000000	0.000000	0.000000	0.000000	
0.000000	0.000000	0.000000	0.000000	
1.000000	0.000000	-0.184876	0.000000	
0.712999	-0.100000	-0.100000	-0.100000	
0.000000	0.000000	0.000000	0.000000	
0.000000	0.000000	0.000000	0.000000	
1.000000	-0.040000	-0.190000	-0.200000	
0.160000	-0.040000	0.000000	0.000000	
0.000000	0.000000	0.000000	0.000000	
0.000000	0.000000	0.000000	0.000000	
0.000000	0.000000	0.000000	0.000000	
0.000000	0.000000	0.000000	0.000000	
0.000000	0.000000	0.000000	0.000000	
0.000000	0.000000	0.000000	0.000000	
0.000000	0.000000	0.000000	0.000000	
0.000000	0.000000	0.000000	0.000000	
0.000000	0.000000	0.000000	0.000000	
0.000000	0.000000	0.000000	0.000000	
0.000000	0.000000	0.000000	0.000000	
0.000000	0.000000	0.000000	0.000000	
0.000000	0.000000	0.000000	0.000000	
0.000000	0.000000	0.000000	0.000000	
0.000000	0.000000	0.000000	0.000000	
0.000000	0.000000	0.000000	0.000000	
0.000000	0.000000	0.000000	0.000000	
0.000000	0.000000	0.000000	0.000000	
0.000000	0.000000	0.000000	0.000000	
0.000000	0.000000	0.000000	0.000000	
0.000000	0.000000	0.000000	0.000000	
0.000000	0.000000	0.000000	0.000000	
0.000000	0.000000	0.160000	0.000000	
0.000000	0.000000	0.000000	0.000000	
0.000000	0.000000	0.000000	0.000000	
0.000000	0.000000	0.000000	0.000000	
0.000000	0.000000	0.000000	0.000000	
0.000000	0.000000	0.000000	0.000000	
0.000000	0.000000	0.000000	0.000000	
0.000000	0.000000	0.000000	0.000000	
0.000000	0.000000	0.000000	0.000000	
0.000000	0.000000	0.000000	0.000000	
0.000000	0.000000	0.000000	0.000000	
0.000000	0.000000	0.000000	0.000000	
0.000000	0.000000	0.000000	0.000000	
0.000000	0.000000	0.000000	0.000000	
0.000000	0.000000	0.000000	0.000000	
0.000000	0.000000	0.000000	0.000000	
0.000000	0.000000	0.000000	0.000000	
0.000000	0.000000	0.000000	0.000000	
0.000000	0.000000	0.000000	0.000000	
0.000000	0.000000	0.000000	0.000000	
1.000000	-0.140000	-0.360000	-0.188000	
1.000000	0.000000	0.000000	0.000000	
0.000000	0.000000	0.000000	0.000000	
0.000000	0.000000	0.000000	0.000000	
1.000000	-0.185276	-0.350400	-0.476000	
1.000000	0.000000	-0.100000	0.000000	
0.000000	0.000000	0.000000	0.000000	
0.000000	0.000000	0.000000	0.000000	
1.000000	-0.410720	-0.348000	0.000000	
1.000000	-0.040000	-0.190000	-0.100000	
0.000000	0.000000	0.000000	0.000000	
0.000000	0.000000	0.000000	0.000000	
1.000000	0.000000	-0.200000	0.000000	
0.336400	-0.040000	-0.100000	-0.045240	
0.000000	0.000000	0.000000	0.000000	
0.000000	0.000000	0.000000	0.000000	
0.000000	0.000000	0.000000	0.000000	
0.000000	0.000000	0.000000	0.000000	
0.000000	0.000000	0.000000	0.000000	
0.000000	0.000000	0.000000	0.000000	
0.000000	0.000000	0.000000	0.000000	
0.000000	0.000000	0.000000	0.000000	
0.000000	0.000000	0.000000	0.000000	
0.000000	0.000000	0.000000	0.000000	
0.000000	0.000000	0.000000	0.000000	
0.000000	0.000000	0.000000	0.000000	
0.000000	0.000000	0.000000	0.000000	
0.000000	0.000000	0.000000	0.000000	
0.000000	0.000000	0.000000	0.000000	
0.000000	0.000000	0.000000	0.000000	
0.000000	0.000000	0.000000	0.000000	
0.000000	0.000000	0.000000	0.000000	
-0.100000	-0.100000	0.304000	-0.040000	
0.000000	0.000000	0.000000	-0.054317	
0.000000	0.000000	0.000000	0.000000	
0.000000	0.000000	0.000000	0.000000	
0.000000	-0.100000	0.000000	-0.040000	
0.000000	0.000000	0.000000	0.000000	
0.000000	0.000000	0.000000	0.000000	
0.000000	0.000000	0.000000	0.000000	
0.000000	0.000000	0.000000	0.000000	
0.000000	0.000000	0.000000	0.000000	
0.000000	0.000000	0.000000	0.000000	
0.000000	0.000000	0.000000	0.000000	
0.000000	0.000000	0.000000	0.000000	
0.000000	0.000000	0.000000	0.000000	
0.000000	0.000000	0.000000	0.000000	
0.000000	0.000000	0.000000	0.000000	
0.000000	0.000000	0.000000	0.000000	
0.000000	0.000000	0.000000	0.000000	
0.000000	0.000000	0.000000	0.000000	
0.000000	0.000000	0.000000	0.000000	
0.000000	0.000000	0.000000	0.000000	
0.000000	0.000000	0.000000	0.000000	
0.000000	0.000000	0.000000	0.000000	
0.000000	0.000000	0.000000	0.000000	
0.000000	0.000000	0.000000	0.000000	
0.000000	0.000000	0.000000	0.000000	
0.000000	0.000000	0.000000	0.000000	
0.000000	0.000000	0.000000	0.000000	
0.000000	0.000000	0.000000	0.000000	
0.000000	0.000000	0.000000	0.000000	
0.000000	0.000000	0.000000	0.000000	
0.000000	0.000000	0.000000	0.000000	
1.000000	-0.642958	-0.664296	-0.715214	
1.000000	-0.100000	0.000000	-0.094000	
0.000000	0.000000	0.000000	0.000000	
0.000000	0.000000	0.000000	0.000000	
1.000000	-0.497215	-0.163044	-0.553199	
1.000000	0.000000	0.000000	-0.100000	
0.000000	0.000000	0.000000	0.000000	
0.000000	0.000000	0.000000	0.000000	
0.000000	0.000000	0.000000	0.000000	
0.000000	0.000000	0.000000	0.000000	
0.000000	0.000000	0.000000	0.000000	
0.000000	0.000000	0.000000	0.000000	
0.000000	0.000000	0.000000	0.000000	
0.000000	0.000000	0.000000	0.000000	
0.000000	0.000000	0.000000	0.000000	
0.000000	0.000000	0.000000	0.000000	
0.000000	0.000000	0.000000	0.000000	
0.000000	0.000000	0.000000	0.000000	
0.000000	0.000000	0.000000	0.000000	
0.000000	0.000000	0.000000	0.000000	
0.000000	0.000000	0.000000	0.000000	
0.000000	0.000000	0.000000	0.000000	
0.000000	0.000000	0.000000	0.000000	
0.000000	0.000000	0.000000	0.000000	
0.000000	0.000000	0.000000	0.000000	
0.000000	0.000000	0.000000	0.000000	
0.000000	0.000000	0.000000	0.000000	
0.000000	0.000000	0.000000	0.000000	
0.000000	0.000000	0.000000	0.000000	
0.000000	0.000000	0.000000	0.000000	
0.000000	0.000000	0.000000	0.000000	
0.000000	0.000000	0.000000	0.000000	
0.000000	0.000000	0.000000	0.000000	
0.000000	0.000000	0.000000	0.000000	
0.000000	0.000000	0.000000	0.000000	
0.000000	0.000000	0.000000	0.000000	
0.000000	-0.100000	0.000000	0.000000	
0.000000	0.000000	0.000000	0.000000	
0.000000	0.000000	0.000000	0.000000	
0.000000	0.000000	0.000000	0.000000	
0.000000	0.000000	0.000000	0.000000	
0.000000	0.000000	0.000000	0.000000	
0.000000	0.000000	0.000000	0.000000	
0.000000	0.000000	0.000000	0.000000	
0.000000	0.000000	0.000000	0.000000	
0.000000	0.000000	0.000000	0.000000	
0.000000	0.000000	0.000000	0.000000	
0.000000	0.000000	0.000000	0.000000	
0.000000	0.000000	0.000000	0.000000	
0.000000	0.000000	0.000000	0.000000	
0.000000	0.000000	0.000000	0.000000	
0.000000	0.000000	0.000000	0.000000	
0.000000	0.000000	0.000000	0.000000	
0.000000	0.000000	0.000000	0.000000	
0.000000	0.000000	0.000000	0.000000	
0.000000	0.000000	0.000000	0.000000	
0.000000	0.000000	0.000000	0.000000	
0.000000	0.000000	0.000000	0.000000	
0.000000	0.000000	0.000000	0.000000	
0.000000	0.000000	0.000000	0.000000	
-0.100000	0.000000	0.000000	0.000000	
0.000000	0.000000	0.000000	0.000000	
1.000000	-0.190000	-0.331920	-0.100000	
0.336400	-0.100000	-0.100000	-0.100000	
1.000000	-0.609477	0.000000	-0.310687	
1.000000	-0.100000	-0.040000	-0.200000	
-0.200000	1.000000	0.000000	0.000000	
0.000000	0.160000	-0.040000	0.000000	
1.000000	-0.140000	-0.429534	-0.360000	
1.000000	0.000000	0.000000	0.000000	
0.000000	0.000000	0.000000	0.000000	
0.000000	0.000000	0.000000	0.000000	
0.000000	0.000000	0.000000	0.000000	
0.000000	0.000000	0.000000	0.000000	
0.000000	0.000000	0.000000	0.000000	
0.000000	0.000000	0.000000	0.000000	
0.000000	0.000000	0.000000	0.000000	
0.000000	0.000000	0.000000	0.000000	
0.000000	0.000000	0.000000	0.000000	
0.000000	0.000000	0.000000	0.000000	
0.000000	0.000000	0.000000	0.000000	
0.000000	0.000000	0.000000	0.000000	
0.000000	0.000000	0.000000	0.000000	
0.000000	0.000000	0.000000	0.000000	
0.000000	0.000000	0.000000	0.000000	
0.000000	0.000000	0.000000	0.000000	
-0.360000	-0.156218	1.000000	-0.200000	
0.000000	-0.100000	0.238579	-0.100000	
-0.590690	-0.447245	1.000000	-0.556275	
-0.100000	-0.078400	1.000000	-0.140000	
-0.307939	1.000000	-0.200000	-0.344400	
0.000000	0.000000	-0.100000	-0.090400	
-0.151963	-0.200000	1.000000	-0.270533	
-0.188000	0.000000	0.509416	0.000000	
0.000000	0.000000	0.000000	0.000000	
0.000000	0.000000	0.000000	0.000000	
0.000000	0.000000	0.000000	0.000000	
0.000000	0.000000	0.000000	0.000000	
0.000000	0.000000	0.000000	0.000000	
0.000000	0.000000	0.000000	0.000000	
0.000000	0.000000	0.000000	0.000000	
0.000000	0.000000	0.000000	0.000000	
0.000000	0.000000	0.000000	0.000000	
0.000000	0.000000	0.000000	0.000000	
0.000000	0.000000	0.000000	0.000000	
0.000000	0.000000	0.000000	0.000000	
0.000000	0.000000	0.000000	0.000000	
0.000000	0.000000	0.000000	0.000000	
0.000000	0.000000	0.000000	0.000000	
0.000000	0.000000	0.000000	0.000000	
0.000000	0.000000	0.000000	0.000000	
0.000000	0.000000	0.000000	0.000000	
0.000000	0.000000	0.000000	0.000000	
-0.100000	0.000000	0.000000	0.000000	
0.000000	0.000000	0.000000	0.000000	
0.000000	0.000000	0.000000	0.000000	
0.000000	0.000000	0.000000	0.000000	
0.000000	0.000000	0.000000	0.000000	
0.000000	0.000000	0.000000	0.000000	
0.000000	0.000000	0.000000	0.000000	
0.000000	0.000000	0.000000	-0.040000	
0.000000	0.000000	0.000000	0.000000	
0.000000	0.000000	0.000000	0.000000	
0.000000	0.000000	0.000000	0.000000	
0.000000	0.000000	0.000000	0.000000	
0.000000	0.000000	0.000000	0.000000	
0.358900	0.000000	0.000000	-0.200000	
0.000000	0.000000	0.000000	0.000000	
1.000000	-0.200000	-0.184400	-0.200000	
0.000000	0.000000	0.000000	0.000000	
0.000000	0.100000	-0.200000	0.000000	
0.000000	0.000000	0.000000	0.000000	
1.000000	0.000000	0.000000	-0.200000	
0.160000	0.000000	0.000000	0.000000	
0.100000	0.000000	0.000000	-0.048346	
0.000000	0.000000	0.000000	0.000000	
0.459498	-0.100000	-0.040000	-0.100000	
0.000000	-0.040000	0.000000	0.000000	
0.000000	0.000000	0.000000	0.000000	
0.000000	0.000000	0.000000	0.000000	
0.385000	0.000000	0.000000	0.000000	
0.000000	0.000000	0.000000	0.000000	
-0.100000	0.000000	1.000000	-0.100000	
0.000000	0.000000	0.000000	-0.041260	
-0.360000	-0.176997	1.000000	-0.200000	
0.000000	0.000000	0.787245	0.000000	
-0.100000	0.000000	-0.040000	0.000000	
0.000000	0.000000	0.000000	0.000000	
0.000000	0.000000	1.000000	0.000000	
-0.040000	0.000000	0.000000	0.000000	
-0.423199	-0.476000	1.000000	-0.200000	
0.000000	0.000000	0.160000	0.000000	
-0.495200	-0.176609	1.000000	-0.313462	
-0.190000	-0.064907	0.533599	-0.100000	
-0.188000	1.000000	-0.190000	-0.200000	
0.000000	0.000000	0.000000	0.000000	
-0.200000	0.000000	1.000000	-0.200000	
0.000000	0.000000	0.000000	0.000000	
0.000000	0.000000	0.000000	0.000000	
0.000000	0.000000	0.000000	0.000000	
0.000000	0.000000	0.000000	0.000000	
0.000000	0.000000	0.000000	0.000000	
0.000000	0.000000	0.000000	0.000000	
0.000000	0.000000	0.000000	0.000000	
0.000000	0.000000	0.000000	0.000000	
0.000000	0.000000	0.000000	0.000000	
0.000000	0.000000	0.000000	0.000000	
0.000000	0.000000	0.000000	0.000000	
0.000000	0.000000	0.000000	0.000000	
0.000000	0.000000	0.000000	0.000000	
0.000000	0.000000	0.000000	0.000000	
0.000000	0.000000	0.000000	0.000000	
0.000000	0.000000	0.000000	0.000000	
0.000000	0.000000	0.000000	0.000000	
0.000000	0.000000	0.000000	0.000000	
0.000000	0.000000	0.000000	0.000000	
0.000000	0.000000	0.000000	0.000000	
0.000000	0.000000	0.000000	0.000000	
0.000000	0.000000	0.000000	0.000000	
0.000000	0.000000	0.000000	0.000000	
0.000000	0.000000	0.000000	0.000000	
0.000000	0.000000	0.000000	0.000000	
0.000000	0.000000	0.000000	0.000000	
0.000000	0.000000	0.000000	0.000000	
0.000000	0.000000	0.000000	0.000000	
0.000000	0.000000	0.000000	0.000000	
0.000000	0.000000	0.000000	0.000000	
0.000000	0.000000	0.000000	0.000000	
0.000000	0.000000	0.000000	0.000000	
0.000000	0.000000	0.000000	0.000000	
0.000000	0.000000	-0.040000	-0.180400	
0.000000	0.000000	0.000000	0.000000	
1.000000	-0.100000	-0.200000	-0.100000	
0.923759	0.000000	0.000000	0.000000	
0.000000	0.304000	0.000000	-0.200000	
0.000000	0.160000	0.000000	0.000000	
1.000000	0.000000	0.000000	-0.094000	
0.100000	0.000000	0.000000	-0.100000	
1.000000	-0.190000	-0.190000	-0.040000	
0.000000	-0.100000	-0.100000	-0.040000	
1.000000	-0.200000	0.000000	-0.200000	
1.000000	-0.200000	-0.100000	-0.100000	
-0.040000	0.834725	-0.200000	-0.200000	
0.000000	0.000000	0.000000	0.000000	
1.000000	0.000000	-0.200000	-0.178400	
0.160000	-0.040000	0.000000	0.000000	
0.000000	0.000000	0.000000	0.000000	
0.000000	0.000000	0.000000	0.000000	
0.000000	0.000000	0.000000	0.000000	
0.000000	0.000000	0.000000	0.000000	
0.000000	0.000000	0.000000	0.000000	
0.000000	0.000000	0.000000	0.000000	
0.000000	0.000000	0.000000	0.000000	
0.000000	0.000000	0.000000	0.000000	
0.000000	-0.200000	1.000000	-0.200000	
-0.100000	0.000000	0.373120	-0.060139	
-0.178400	-0.626828	1.000000	-0.360000	
-0.100000	-0.040000	0.000000	0.000000	
-0.360000	1.000000	-0.200000	-0.346596	
0.000000	0.000000	0.000000	0.000000	
-0.360000	-0.200000	1.000000	-0.200000	
0.000000	-0.040000	0.000000	0.000000	
0.000000	0.000000	0.000000	0.000000	
0.000000	0.000000	0.000000	0.000000	
0.000000	0.000000	0.000000	0.000000	
0.000000	0.000000	0.000000	0.000000	
0.000000	0.000000	0.000000	0.000000	
0.000000	0.000000	0.000000	0.000000	
0.000000	0.000000	0.000000	0.000000	
0.000000	0.000000	0.000000	0.000000	
0.000000	0.000000	0.000000	0.000000	
0.000000	0.000000	0.000000	0.000000	
0.000000	0.000000	0.000000	0.000000	
0.000000	0.000000	0.000000	0.000000	
0.000000	0.000000	0.000000	0.000000	
0.000000	0.000000	0.000000	0.000000	
0.000000	0.000000	0.000000	0.000000	
0.000000	0.000000	0.000000	0.000000	
0.000000	0.000000	0.000000	0.000000	
0.000000	0.000000	0.000000	0.000000	
0.000000	0.000000	0.000000	0.000000	
0.000000	0.000000	0.000000	0.000000	
0.000000	0.000000	0.000000	0.000000	
0.000000	0.000000	0.000000	0.000000	
0.000000	0.000000	0.000000	0.000000	
0.000000	0.000000	0.000000	0.000000	
0.000000	0.000000	0.000000	0.000000	
0.000000	0.000000	0.000000	0.000000	
0.000000	0.000000	0.000000	0.000000	
0.000000	0.000000	0.000000	0.000000	
0.000000	0.000000	0.000000	0.000000	
0.000000	0.000000	0.000000	0.000000	
0.000000	0.000000	0.000000	0.000000	
0.000000	0.000000	0.000000	0.000000	
0.909760	-0.200000	-0.100000	-0.190000	
0.000000	0.000000	0.000000	0.000000	
1.000000	0.000000	-0.100000	-0.100000	
0.000000	0.000000	-0.094000	0.000000	
0.000000	0.900486	0.000000	0.000000	
0.000000	0.000000	0.000000	0.000000	
1.000000	0.000000	0.000000	0.000000	
0.000000	0.000000	0.000000	0.000000	
0.000000	0.000000	0.000000	0.000000	
0.000000	0.000000	0.000000	0.000000	
0.336400	-0.076245	-0.080273	-0.100000	
0.000000	0.000000	0.000000	0.000000	
0.000000	0.000000	0.000000	0.000000	
0.000000	0.000000	0.000000	0.000000	
0.669891	0.000000	-0.094000	-0.100000	
0.000000	0.000000	0.000000	0.000000	
0.000000	0.000000	0.000000	0.000000	
0.000000	0.000000	0.000000	0.000000	
0.000000	0.000000	0.944951	0.000000	
0.000000	0.000000	0.160000	0.000000	
0.000000	0.000000	0.000000	0.000000	
0.000000	0.000000	0.000000	0.000000	
-0.040000	-0.040000	0.595423	-0.100000	
0.000000	0.000000	0.000000	0.000000	
-0.338400	-0.200000	1.000000	0.000000	
-0.100000	0.000000	1.000000	0.000000	
-0.539346	-0.200000	1.000000	-0.429430	
-0.040000	-0.100000	1.000000	0.000000	
0.000000	1.000000	0.000000	0.000000	
0.000000	0.000000	0.000000	0.000000	
0.000000	0.000000	1.000000	-0.360000	
0.000000	0.000000	0.100000	0.000000	
0.000000	0.000000	0.000000	0.000000	
0.000000	0.000000	0.000000	0.000000	
-0.100000	0.000000	0.000000	0.000000	
0.000000	0.000000	0.000000	0.000000	
0.000000	0.000000	0.000000	0.000000	
0.000000	0.000000	0.000000	0.000000	
0.000000	0.000000	0.000000	0.000000	
0.000000	0.000000	0.000000	0.000000	
0.000000	0.000000	0.000000	0.000000	
0.000000	0.000000	0.000000	0.000000	
0.000000	0.000000	0.000000	0.000000	
0.000000	0.000000	0.000000	0.000000	
0.000000	0.000000	0.000000	0.000000	
0.000000	0.000000	0.000000	0.000000	
0.000000	0.000000	0.000000	0.000000	
0.000000	0.000000	0.000000	0.000000	
0.000000	0.000000	0.000000	0.000000	
0.000000	0.000000	0.000000	0.000000	
-0.100000	-0.100000	0.000000	0.000000	
0.000000	0.000000	0.000000	0.000000	
0.000000	0.000000	0.000000	0.000000	
0.000000	0.000000	0.000000	0.000000	
0.000000	-0.100000	0.160000	0.000000	
0.000000	0.000000	0.000000	0.000000	
0.000000	0.000000	0.000000	0.000000	
0.000000	0.000000	0.000000	0.000000	
0.000000	0.000000	0.000000	0.000000	
0.000000	0.000000	0.000000	0.000000	
0.000000	0.000000	0.000000	0.000000	
0.000000	0.000000	0.000000	0.000000	
0.000000	0.000000	0.000000	0.000000	
0.000000	0.000000	0.000000	0.000000	
0.000000	0.000000	0.000000	0.000000	
0.000000	0.000000	0.000000	0.000000	
1.000000	-0.200000	0.000000	0.000000	
0.438281	0.000000	-0.040000	-0.040000	
0.000000	0.000000	0.000000	0.000000	
0.000000	0.000000	0.000000	0.000000	
1.000000	-0.140000	0.000000	0.000000	
0.433600	0.000000	-0.040000	-0.040000	
0.000000	0.000000	0.000000	0.000000	
0.000000	0.000000	0.000000	0.000000	
0.000000	0.000000	0.000000	0.000000	
0.000000	0.000000	0.000000	0.000000	
0.000000	0.000000	0.000000	0.000000	
0.000000	0.000000	0.000000	0.000000	
0.000000	0.000000	0.000000	0.000000	
0.000000	0.000000	0.000000	0.000000	
0.000000	0.000000	0.000000	0.000000	
0.000000	0.000000	0.000000	0.000000	
-0.517933	-0.444000	1.000000	-0.200000	
-0.100000	-0.059446	1.000000	-0.040000	
0.000000	0.000000	0.000000	0.000000	
0.000000	0.000000	0.000000	0.000000	
-0.420320	0.000000	1.000000	-0.152026	
0.000000	0.000000	0.452656	0.000000	
0.000000	0.000000	0.000000	0.000000	
0.000000	0.000000	0.000000	0.000000	
0.000000	0.000000	0.000000	0.000000	
0.000000	0.000000	0.000000	0.000000	
0.000000	0.000000	0.000000	0.000000	
0.000000	0.000000	0.000000	0.000000	
0.000000	0.000000	0.000000	0.000000	
0.000000	0.000000	0.000000	0.000000	
0.000000	0.000000	0.000000	0.000000	
0.000000	0.000000	0.000000	0.000000	
0.000000	0.000000	0.000000	0.000000	
0.000000	0.000000	0.000000	0.000000	
0.000000	0.000000	0.000000	0.000000	
0.000000	0.000000	0.000000	0.000000	
0.000000	0.000000	0.000000	0.000000	
0.000000	0.000000	0.000000	0.000000	
0.000000	0.000000	0.000000	0.000000	
0.000000	0.000000	0.000000	0.000000	
-0.100000	0.000000	0.000000	-0.040000	
0.000000	0.000000	0.000000	0.000000	
0.000000	0.000000	0.000000	0.000000	
0.000000	0.000000	0.000000	0.000000	
0.000000	0.000000	0.000000	-0.040000	
0.000000	0.000000	0.000000	0.000000	
0.000000	0.000000	0.000000	0.000000	
0.000000	0.000000	0.000000	0.000000	
-0.100000	0.000000	0.160000	-0.040000	
0.000000	0.000000	0.000000	0.000000	
0.000000	0.000000	0.000000	0.000000	
0.000000	0.000000	0.000000	0.000000	
-0.190000	0.000000	0.160000	0.000000	
0.000000	0.000000	0.000000	0.000000	
0.000000	0.000000	0.000000	0.000000	
0.000000	0.000000	0.000000	0.000000	
0.000000	0.000000	0.000000	0.000000	
0.000000	0.000000	0.000000	0.000000	
0.000000	0.000000	0.000000	0.000000	
0.000000	0.000000	0.000000	0.000000	
0.000000	0.000000	0.000000	0.000000	
0.000000	0.000000	0.000000	0.000000	
0.000000	0.000000	0.000000	0.000000	
0.000000	0.000000	0.000000	0.000000	
1.000000	0.000000	0.000000	-0.086943	
0.000000	0.000000	-0.040000	-0.040000	
0.000000	0.000000	0.000000	0.000000	
0.000000	0.000000	0.000000	0.000000	
1.000000	-0.040000	-0.040080	0.000000	
0.160000	0.000000	0.000000	0.000000	
0.000000	0.000000	0.000000	0.000000	
0.000000	0.000000	0.000000	0.000000	
1.000000	-0.200000	0.000000	-0.200000	
0.405454	0.000000	0.000000	-0.100000	
0.000000	0.000000	0.000000	0.000000	
0.000000	0.000000	0.000000	0.000000	
1.000000	0.000000	0.000000	0.000000	
0.100000	0.000000	0.000000	0.000000	
0.000000	0.000000	0.000000	0.000000	
0.000000	0.000000	0.000000	0.000000	
-0.428000	-0.300000	1.000000	-0.392936	
0.000000	-0.040000	0.466000	0.000000	
0.000000	0.000000	0.000000	0.000000	
0.000000	0.000000	0.000000	0.000000	
0.000000	0.000000	1.000000	-0.200000	
0.000000	0.000000	0.250000	-0.040000	
0.000000	0.000000	0.000000	0.000000	
0.000000	0.000000	0.000000	0.000000	
0.000000	0.000000	0.000000	0.000000	
0.000000	0.000000	0.000000	0.000000	
0.000000	0.000000	0.000000	0.000000	
0.000000	0.000000	0.000000	0.000000	
0.000000	0.000000	0.000000	0.000000	
0.000000	0.000000	0.000000	0.000000	
0.000000	0.000000	0.000000	0.000000	
0.000000	0.000000	0.000000	0.000000	
-0.190000	-0.100000	0.160000	0.000000	
0.000000	0.000000	0.000000	0.000000	
0.000000	0.000000	0.000000	0.000000	
0.000000	0.000000	0.000000	0.000000	
0.000000	-0.081760	0.000000	0.000000	
0.000000	0.000000	0.000000	0.000000	
0.000000	0.000000	0.000000	0.000000	
0.000000	0.000000	0.000000	0.000000	
-0.100000	-0.100000	0.160000	-0.040000	
0.000000	0.000000	0.000000	0.000000	
0.000000	0.000000	0.000000	0.000000	
0.000000	0.000000	0.000000	0.000000	
0.000000	0.000000	0.655216	0.000000	
0.000000	0.000000	0.000000	0.000000	
0.000000	0.000000	0.000000	0.000000	
0.000000	0.000000	0.000000	0.000000	
0.000000	0.000000	0.000000	0.000000	
0.000000	0.000000	0.000000	0.000000	
0.000000	0.000000	0.000000	0.000000	
0.000000	0.000000	0.000000	0.000000	
0.000000	0.000000	0.000000	0.000000	
0.000000	0.000000	0.000000	0.000000	
0.000000	0.000000	0.000000	0.000000	
0.000000	0.000000	0.000000	0.000000	
0.000000	0.000000	0.000000	0.000000	
0.000000	0.000000	0.000000	0.000000	
0.000000	0.000000	0.000000	0.000000	
0.000000	0.000000	0.000000	0.000000	
0.000000	0.000000	0.000000	0.000000	
0.000000	0.000000	0.000000	0.000000	
0.000000	0.000000	0.000000	0.000000	
0.000000	0.000000	0.000000	0.000000	
1.000000	-0.300000	-0.482400	-0.200000	
1.000000	0.000000	0.000000	0.000000	
0.000000	0.000000	0.000000	0.000000	
0.000000	0.000000	0.000000	0.000000	
1.000000	-0.178400	-0.160515	-0.360000	
0.506821	-0.040000	-0.190000	-0.040000	
0.000000	0.000000	0.000000	0.000000	
0.000000	0.000000	0.000000	0.000000	
1.000000	-0.548212	-0.160373	-0.496608	
1.000000	0.000000	0.000000	0.000000	
0.000000	0.000000	0.000000	0.000000	
0.000000	0.000000	0.000000	0.000000	
1.000000	-0.176600	-0.494144	-0.296129	
1.000000	0.000000	0.000000	0.000000	
0.000000	0.000000	0.000000	0.000000	
0.000000	0.000000	0.000000	0.000000	
0.000000	0.000000	0.000000	0.000000	
0.000000	0.000000	0.000000	0.000000	
0.000000	0.000000	0.000000	0.000000	
0.000000	0.000000	0.000000	0.000000	
0.000000	0.000000	0.000000	0.000000	
0.000000	0.000000	0.000000	0.000000	
0.000000	0.000000	0.000000	0.000000	
0.000000	0.000000	0.000000	0.000000	
0.000000	0.000000	0.000000	0.000000	
0.000000	0.000000	0.000000	0.000000	
0.000000	0.000000	0.000000	0.000000	
0.000000	0.000000	0.000000	0.000000	
0.000000	0.000000	0.000000	0.000000	
0.000000	0.000000	0.000000	0.000000	
0.000000	0.000000	0.000000	0.000000	
0.000000	0.000000	0.000000	0.000000	
-0.100000	-0.190000	0.749694	-0.040000	
0.000000	0.000000	0.000000	0.000000	
0.000000	0.000000	0.000000	0.000000	
0.000000	0.000000	0.000000	0.000000	
0.000000	-0.190000	0.160000	0.000000	
0.000000	0.000000	0.000000	0.000000	
0.000000	0.000000	0.000000	0.000000	
0.000000	0.000000	0.000000	0.000000	
0.000000	0.000000	0.000000	0.000000	
0.000000	0.000000	0.000000	0.000000	
0.000000	0.000000	0.000000	0.000000	
0.000000	0.000000	0.000000	0.000000	
0.000000	0.000000	0.000000	0.000000	
0.000000	0.000000	0.000000	0.000000	
0.000000	0.000000	0.000000	0.000000	
0.000000	0.000000	0.000000	0.000000	
0.000000	0.000000	0.000000	0.000000	
0.000000	0.000000	0.000000	0.000000	
0.000000	0.000000	0.000000	0.000000	
0.000000	0.000000	0.000000	0.000000	
0.000000	0.000000	0.000000	0.000000	
0.000000	0.000000	0.000000	0.000000	
0.000000	0.000000	0.000000	0.000000	
0.000000	0.000000	0.000000	0.000000	
0.000000	0.000000	0.000000	0.000000	
0.000000	0.000000	0.000000	0.000000	
0.000000	0.000000	0.000000	0.000000	
0.000000	0.000000	0.000000	0.000000	
0.000000	0.000000	0.000000	0.000000	
0.000000	0.000000	0.000000	0.000000	
0.000000	0.000000	0.000000	0.000000	
0.000000	0.000000	0.000000	0.000000	
1.000000	-0.536160	-0.682890	-0.690993	
1.000000	-0.140000	0.000000	-0.350400	
0.000000	0.000000	0.000000	0.000000	
0.000000	0.000000	0.000000	0.000000	
1.000000	-0.624838	-0.650339	-0.621254	
1.000000	-0.140000	0.000000	0.000000	
0.000000	0.000000	0.000000	0.000000	
0.000000	0.000000	0.000000	0.000000	
0.000000	0.000000	0.000000	0.000000	
0.000000	0.000000	0.000000	0.000000	
0.000000	0.000000	0.000000	0.000000	
0.000000	0.000000	0.000000	0.000000	
0.000000	0.000000	0.000000	0.000000	
0.000000	0.000000	0.000000	0.000000	
0.000000	0.000000	0.000000	0.000000	
0.000000	0.000000	0.000000	0.000000	
0.000000	0.000000	0.000000	0.000000	
0.000000	0.000000	0.000000	0.000000	
0.000000	0.000000	0.000000	0.000000	
0.000000	0.000000	0.000000	0.000000	
0.000000	0.000000	0.000000	0.000000	
0.000000	0.000000	0.000000	0.000000	
0.000000	0.000000	0.000000	0.000000	
0.000000	0.000000	0.000000	0.000000	
0.000000	0.000000	0.000000	0.000000	
0.000000	0.000000	0.000000	0.000000	
0.000000	0.000000	0.000000	0.000000	
0.000000	0.000000	0.000000	0.000000	
0.000000	0.000000	0.000000	0.000000	
0.000000	0.000000	0.000000	0.000000	
0.000000	0.000000	0.000000	0.000000	
0.000000	0.000000	0.000000	0.000000	
0.000000	0.000000	0.000000	0.000000	
0.000000	0.000000	0.000000	0.000000	
0.000000	0.000000	0.000000	0.000000	
0.000000	0.000000	0.000000	0.000000	
0.000000	0.000000	0.000000	0.000000	
0.000000	0.000000	0.000000	0.000000	
0.000000	0.000000	0.000000	0.000000	
0.000000	0.000000	0.000000	0.000000	
0.000000	0.000000	0.000000	0.000000	
0.000000	0.000000	0.000000	0.000000	
0.000000	0.000000	0.000000	0.000000	
0.000000	0.000000	0.000000	0.000000	
0.000000	0.000000	0.000000	0.000000	
0.000000	0.000000	0.000000	0.000000	
0.000000	0.000000	0.000000	0.000000	
0.000000	0.000000	0.000000	0.000000	
0.000000	0.000000	0.000000	0.000000	
0.000000	0.000000	0.000000	0.000000	
0.000000	0.000000	0.000000	0.000000	
0.000000	0.000000	0.000000	0.000000	
0.000000	0.000000	0.000000	0.000000	
0.000000	0.000000	0.000000	0.000000	
0.000000	0.000000	0.000000	0.000000	
0.000000	0.000000	0.000000	0.000000	
0.000000	0.000000	0.000000	0.000000	
0.000000	0.000000	0.000000	0.000000	
0.000000	0.000000	0.000000	0.000000	
0.000000	0.000000	0.000000	0.000000	
0.000000	0.000000	0.000000	0.000000	
0.000000	0.000000	0.000000	0.000000	
0.000000	-0.165971	-0.194000	1.000000	
0.000000	-0.100000	-0.078132	0.746741	
-0.327107	-0.200000	-0.348000	1.000000	
-0.097000	0.000000	0.000000	0.992449	
0.000000	1.000000	0.000000	0.000000	
-0.040000	1.000000	0.000000	-0.100000	
-0.338868	-0.140000	-0.167613	1.000000	
0.000000	0.000000	0.000000	1.000000	
0.000000	0.000000	0.000000	0.000000	
0.000000	0.000000	0.000000	0.000000	
0.000000	0.000000	0.000000	0.000000	
0.000000	0.000000	0.000000	0.000000	
0.000000	0.000000	0.000000	0.000000	
0.000000	0.000000	0.000000	0.000000	
0.000000	0.000000	0.000000	0.000000	
0.000000	0.000000	0.000000	0.000000	
0.000000	0.000000	0.000000	0.000000	
0.000000	0.000000	0.000000	0.000000	
0.000000	0.000000	0.000000	0.000000	
0.000000	0.000000	0.000000	0.000000	
0.000000	0.000000	0.000000	0.000000	
0.000000	0.000000	0.000000	0.000000	
0.000000	0.000000	0.000000	0.000000	
0.000000	0.000000	0.000000	0.000000	
-0.170144	-0.188000	1.000000	-0.161705	
0.000000	0.000000	1.000000	0.000000	
-0.703446	-0.654366	1.000000	-0.590613	
-0.200000	0.000000	1.000000	0.000000	
0.000000	1.000000	-0.100000	0.000000	
0.000000	0.000000	0.000000	0.000000	
-0.350400	-0.380000	1.000000	0.000000	
-0.200000	0.000000	0.679820	-0.200000	
0.000000	0.000000	0.000000	0.000000	
0.000000	0.000000	0.000000	0.000000	
0.000000	0.000000	0.000000	0.000000	
0.000000	0.000000	0.000000	0.000000	
0.000000	0.000000	0.000000	0.000000	
0.000000	0.000000	0.000000	0.000000	
0.000000	0.000000	0.000000	0.000000	
0.000000	0.000000	0.000000	0.000000	
0.000000	0.000000	0.000000	0.000000	
0.000000	0.000000	0.000000	0.000000	
0.000000	0.000000	0.000000	0.000000	
0.000000	0.000000	0.000000	0.000000	
0.000000	0.000000	0.000000	0.000000	
0.000000	0.000000	0.000000	0.000000	
0.000000	0.000000	0.000000	0.000000	
0.000000	0.000000	0.000000	0.000000	
0.000000	0.000000	0.000000	0.000000	
0.000000	0.000000	0.000000	0.000000	
0.000000	0.000000	0.000000	0.000000	
0.000000	0.000000	0.000000	0.000000	
0.000000	0.000000	0.000000	0.000000	
0.000000	0.000000	0.000000	0.000000	
0.000000	0.000000	0.000000	0.000000	
0.000000	0.000000	0.000000	0.000000	
0.000000	0.000000	0.000000	0.000000	
0.000000	0.000000	0.000000	0.000000	
0.000000	0.000000	0.000000	0.000000	
0.000000	0.000000	0.000000	0.000000	
0.000000	0.000000	0.000000	0.000000	
0.000000	0.000000	0.000000	0.000000	
0.000000	0.000000	0.000000	0.000000	
0.000000	0.000000	0.000000	0.000000	
0.564456	0.000000	0.000000	0.000000	
0.100000	-0.200000	0.000000	0.000000	
1.000000	-0.069529	-0.190000	-0.190000	
0.100000	-0.094000	-0.100000	0.000000	
0.000000	0.000000	0.000000	-0.100000	
0.000000	0.000000	0.000000	0.000000	
1.000000	-0.140000	0.000000	0.000000	
0.250000	-0.040000	-0.190000	-0.094000	
0.000000	0.000000	0.000000	0.000000	
0.000000	0.000000	0.000000	0.000000	
0.527884	0.000000	0.000000	-0.100000	
0.000000	0.000000	0.000000	0.000000	
-0.100000	0.146373	0.000000	0.000000	
0.000000	0.000000	0.000000	0.000000	
0.160000	0.000000	0.000000	0.000000	
0.000000	0.000000	0.000000	0.000000	
-0.200000	-0.190000	1.000000	-0.084784	
0.000000	0.000000	0.000000	-0.200000	
0.000000	0.000000	1.000000	-0.200000	
-0.200000	-0.100000	1.000000	-0.064796	
-0.200000	0.278297	-0.200000	-0.190000	
-0.100000	0.160000	-0.100000	-0.190000	
-0.200000	0.000000	1.000000	-0.200000	
-0.152604	-0.040000	0.000000	-0.100000	
-0.140000	-0.200000	1.000000	-0.200000	
0.000000	0.000000	0.869151	-0.200000	
-0.467044	-0.360000	1.000000	-0.200000	
-0.040000	0.000000	0.683979	-0.088000	
0.000000	1.000000	0.000000	0.000000	
0.000000	0.000000	0.000000	0.000000	
0.000000	0.000000	1.000000	0.000000	
0.000000	-0.040000	0.000000	-0.085000	
0.000000	0.000000	0.000000	0.000000	
0.000000	0.000000	0.000000	0.000000	
0.000000	0.000000	0.000000	0.000000	
0.000000	0.000000	0.000000	0.000000	
0.000000	0.000000	0.000000	0.000000	
0.000000	0.000000	0.000000	0.000000	
0.000000	0.000000	0.000000	0.000000	
0.000000	0.000000	0.000000	0.000000	
0.000000	0.000000	0.000000	0.000000	
0.000000	0.000000	0.000000	0.000000	
0.000000	0.000000	0.000000	0.000000	
0.000000	0.000000	0.000000	0.000000	
0.000000	0.000000	0.000000	0.000000	
0.000000	0.000000	0.000000	0.000000	
0.000000	0.000000	0.000000	0.000000	
0.000000	0.000000	0.000000	0.000000	
0.000000	0.000000	0.000000	0.000000	
0.000000	0.000000	0.000000	0.000000	
0.000000	0.000000	0.000000	0.000000	
0.000000	0.000000	0.000000	0.000000	
0.000000	0.000000	0.000000	0.000000	
0.000000	0.000000	0.000000	0.000000	
0.000000	0.000000	0.000000	0.000000	
0.000000	0.000000	0.000000	0.000000	
0.000000	0.000000	0.000000	0.000000	
0.000000	0.000000	0.000000	0.000000	
0.000000	0.000000	0.000000	0.000000	
0.000000	0.000000	0.000000	0.000000	
0.000000	0.000000	0.000000	0.000000	
0.000000	0.000000	0.000000	0.000000	
0.000000	0.000000	0.000000	0.000000	
0.000000	0.000000	0.000000	0.000000	
0.948318	-0.089915	0.000000	-0.200000	
0.000000	-0.047445	-0.200000	-0.200000	
1.000000	-0.100000	-0.190000	-0.100000	
0.710154	-0.040000	-0.100000	-0.100000	
0.000000	0.950634	0.000000	-0.200000	
0.000000	0.000000	0.000000	0.000000	
1.000000	0.000000	-0.094000	0.000000	
0.563443	0.000000	0.000000	0.000000	
1.000000	0.000000	0.000000	0.000000	
0.000000	-0.200000	0.000000	0.000000	
1.000000	-0.360000	-0.200000	0.000000	
0.740608	-0.100000	-0.094000	-0.100000	
-0.100000	1.000000	-0.184400	-0.200000	
0.000000	0.000000	-0.088600	0.000000	
1.000000	0.000000	0.000000	0.000000	
1.000000	0.000000	0.000000	0.000000	
0.000000	0.000000	0.000000	0.000000	
0.000000	0.000000	0.000000	0.000000	
0.000000	0.000000	0.000000	0.000000	
0.000000	0.000000	0.000000	0.000000	
0.000000	0.000000	0.000000	0.000000	
0.000000	0.000000	0.000000	0.000000	
0.000000	0.000000	0.000000	0.000000	
0.000000	0.000000	0.000000	0.000000	
-0.337680	-0.307852	1.000000	0.000000	
-0.188000	0.000000	0.969467	-0.140000	
-0.188000	-0.597972	1.000000	-0.580458	
0.000000	0.000000	1.000000	0.000000	
-0.040000	1.000000	0.000000	-0.100000	
0.000000	0.000000	0.000000	0.000000	
0.000000	-0.200000	1.000000	-0.168805	
-0.190000	-0.040000	0.196000	-0.190000	
0.000000	0.000000	0.000000	0.000000	
0.000000	0.000000	0.000000	0.000000	
0.000000	0.000000	0.000000	0.000000	
0.000000	0.000000	0.000000	0.000000	
0.000000	0.000000	0.000000	0.000000	
0.000000	0.000000	0.000000	0.000000	
0.000000	0.000000	0.000000	0.000000	
0.000000	0.000000	0.000000	0.000000	
0.000000	0.000000	0.000000	0.000000	
0.000000	0.000000	0.000000	0.000000	
0.000000	0.000000	0.000000	0.000000	
0.000000	0.000000	0.000000	0.000000	
0.000000	0.000000	0.000000	0.000000	
0.000000	0.000000	0.000000	0.000000	
0.000000	0.000000	0.000000	0.000000	
0.000000	0.000000	0.000000	0.000000	
0.000000	0.000000	0.000000	0.000000	
0.000000	0.000000	0.000000	0.000000	
0.000000	0.000000	0.000000	0.000000	
0.000000	0.000000	0.000000	0.000000	
0.000000	0.000000	0.000000	0.000000	
0.000000	0.000000	0.000000	0.000000	
0.000000	0.000000	0.000000	0.000000	
0.000000	0.000000	0.000000	0.000000	
0.000000	0.000000	0.000000	0.000000	
0.000000	0.000000	0.000000	0.000000	
0.000000	0.000000	0.000000	0.000000	
0.000000	0.000000	0.000000	0.000000	
0.000000	0.000000	0.000000	0.000000	
0.000000	0.000000	0.000000	0.000000	
0.000000	0.000000	0.000000	0.000000	
0.000000	0.000000	0.000000	0.000000	
1.000000	-0.100000	-0.100000	-0.150687	
0.200260	0.000000	0.000000	0.000000	
1.000000	-0.200000	-0.188000	-0.200000	
0.353860	0.000000	-0.200000	-0.200000	
-0.100000	0.834725	0.000000	0.000000	
0.000000	0.000000	0.000000	0.000000	
1.000000	0.000000	-0.050126	-0.100000	
0.000000	-0.200000	0.000000	0.000000	
0.419344	-0.100000	0.000000	-0.100000	
0.000000	0.000000	0.000000	0.000000	
0.643565	0.000000	-0.100000	-0.190000	
0.276724	0.000000	0.000000	0.000000	
0.000000	0.000000	0.000000	0.000000	
0.000000	0.000000	0.000000	0.000000	
0.340635	-0.079600	0.000000	0.000000	
0.000000	0.000000	0.000000	0.000000	
0.000000	-0.040000	0.879993	-0.100000	
0.000000	0.000000	0.000000	0.000000	
0.000000	-0.100000	0.509416	0.000000	
0.000000	0.000000	0.255400	0.000000	
0.000000	0.000000	0.000000	0.000000	
0.000000	0.000000	0.000000	0.000000	
0.000000	-0.040000	0.000000	0.000000	
0.000000	0.000000	0.000000	0.000000	
-0.200000	-0.200000	1.000000	-0.360000	
-0.200000	0.000000	1.000000	0.000000	
-0.268938	-0.290400	1.000000	-0.252000	
-0.360000	0.000000	1.000000	-0.360000	
-0.100000	1.000000	0.000000	-0.200000	
0.000000	0.000000	0.000000	0.000000	
0.000000	0.000000	1.000000	0.000000	
-0.100000	-0.040000	0.325000	0.000000	
0.000000	0.000000	0.000000	0.000000	
0.000000	0.000000	0.000000	0.000000	
0.000000	0.000000	0.000000	0.000000	
0.000000	0.000000	0.000000	0.000000	
0.000000	0.000000	0.000000	0.000000	
0.000000	0.000000	0.000000	0.000000	
0.000000	0.000000	0.000000	0.000000	
0.000000	0.000000	0.000000	0.000000	
0.000000	0.000000	0.000000	0.000000	
0.000000	0.000000	0.000000	0.000000	
0.000000	0.000000	0.000000	0.000000	
0.000000	0.000000	0.000000	0.000000	
0.000000	0.000000	0.000000	0.000000	
0.000000	0.000000	0.000000	0.000000	
0.000000	0.000000	0.000000	0.000000	
0.000000	0.000000	0.000000	0.000000	
0.000000	0.000000	0.000000	0.000000	
0.000000	0.000000	0.000000	0.000000	
0.000000	0.000000	0.000000	0.000000	
0.000000	0.000000	0.000000	0.000000	
0.000000	0.000000	0.000000	0.000000	
0.000000	0.000000	0.000000	0.000000	
0.000000	0.000000	0.000000	-0.040000	
0.000000	0.000000	0.000000	0.000000	
0.000000	0.000000	0.000000	0.000000	
0.000000	0.000000	0.000000	0.000000	
0.000000	0.000000	0.000000	0.000000	
0.000000	0.000000	0.000000	0.000000	
0.000000	0.000000	0.000000	0.000000	
0.000000	0.000000	0.000000	0.000000	
0.000000	0.000000	0.000000	0.000000	
0.000000	0.000000	0.000000	0.000000	
0.000000	0.000000	0.000000	0.000000	
0.000000	0.000000	0.000000	0.000000	
1.000000	0.000000	-0.146166	0.000000	
0.576484	-0.094000	-0.100000	-0.074063	
0.000000	0.000000	0.000000	0.000000	
0.000000	0.000000	0.000000	0.000000	
1.000000	0.000000	-0.158381	0.000000	
0.876294	0.000000	-0.086297	0.000000	
0.000000	0.000000	0.000000	0.000000	
0.000000	0.000000	0.000000	0.000000	
0.000000	0.000000	0.000000	0.000000	
0.000000	0.000000	0.000000	0.000000	
0.000000	0.000000	0.000000	0.000000	
0.000000	0.000000	0.000000	0.000000	
0.000000	0.000000	0.000000	0.000000	
0.000000	0.000000	0.000000	0.000000	
0.000000	0.000000	0.000000	0.000000	
0.000000	0.000000	0.000000	0.000000	
-0.580397	-0.384331	1.000000	-0.583469	
-0.300000	-0.100000	1.000000	-0.200000	
0.000000	0.000000	0.000000	0.000000	
0.000000	0.000000	0.000000	0.000000	
-0.300000	-0.459920	1.000000	-0.200000	
-0.200000	-0.040000	0.000000	0.000000	
0.000000	0.000000	0.000000	0.000000	
0.000000	0.000000	0.000000	0.000000	
0.000000	0.000000	0.000000	0.000000	
0.000000	0.000000	0.000000	0.000000	
0.000000	0.000000	0.000000	0.000000	
0.000000	0.000000	0.000000	0.000000	
0.000000	0.000000	0.000000	0.000000	
0.000000	0.000000	0.000000	0.000000	
0.000000	0.000000	0.000000	0.000000	
0.000000	0.000000	0.000000	0.000000	
0.000000	0.000000	0.000000	0.000000	
0.000000	0.000000	0.000000	0.000000	
0.000000	0.000000	0.000000	0.000000	
0.000000	0.000000	0.000000	0.000000	
0.000000	0.000000	0.000000	0.000000	
0.000000	0.000000	0.000000	0.000000	
0.000000	0.000000	0.000000	0.000000	
0.000000	0.000000	0.000000	0.000000	
0.000000	0.000000	0.000000	0.000000	
0.000000	0.000000	0.000000	0.000000	
0.000000	0.000000	0.000000	0.000000	
0.000000	0.000000	0.000000	0.000000	
0.000000	0.000000	0.000000	0.000000	
0.000000	0.000000	0.000000	0.000000	
0.000000	0.000000	0.000000	0.000000	
0.000000	0.000000	0.000000	0.000000	
0.000000	0.000000	0.000000	0.000000	
0.000000	0.000000	0.000000	0.000000	
0.000000	0.000000	0.000000	0.000000	
0.000000	0.000000	0.000000	0.000000	
0.000000	0.000000	0.000000	0.000000	
0.000000	0.000000	0.000000	0.000000	
0.000000	0.000000	0.000000	0.000000	
0.000000	0.000000	0.000000	0.000000	
0.000000	0.000000	0.000000	0.000000	
0.000000	0.000000	0.000000	0.000000	
0.000000	0.000000	0.000000	0.000000	
0.000000	0.000000	0.000000	0.000000	
0.000000	0.000000	0.000000	0.000000	
0.000000	0.000000	0.000000	0.000000	
0.000000	0.000000	0.000000	0.000000	
0.000000	0.000000	0.000000	0.000000	
1.000000	-0.077660	-0.040000	-0.060155	
0.000000	-0.100000	0.000000	0.000000	
0.000000	0.000000	0.000000	0.000000	
0.000000	0.000000	0.000000	0.000000	
1.000000	0.000000	0.000000	0.000000	
0.160000	0.000000	-0.040000	0.000000	
0.000000	0.000000	0.000000	0.000000	
0.000000	0.000000	0.000000	0.000000	
1.000000	-0.360000	0.000000	-0.162079	
0.100000	0.000000	-0.040000	-0.100000	
0.000000	0.000000	0.000000	0.000000	
0.000000	0.000000	0.000000	0.000000	
1.000000	-0.058166	-0.075640	-0.040000	
0.585747	0.000000	0.000000	0.000000	
0.000000	0.000000	0.000000	0.000000	
0.000000	0.000000	0.000000	0.000000	
-0.156938	-0.200000	1.000000	0.000000	
-0.100000	-0.100000	0.836558	-0.081760	
0.000000	0.000000	0.000000	0.000000	
0.000000	0.000000	0.000000	0.000000	
-0.188000	-0.200000	1.000000	0.000000	
0.000000	0.000000	0.160000	0.000000	
0.000000	0.000000	0.000000	0.000000	
0.000000	0.000000	0.000000	0.000000	
0.000000	0.000000	0.000000	0.000000	
0.000000	0.000000	0.000000	0.000000	
0.000000	0.000000	0.000000	0.000000	
0.000000	0.000000	0.000000	0.000000	
0.000000	0.000000	0.000000	0.000000	
0.000000	0.000000	0.000000	0.000000	
0.000000	0.000000	0.000000	0.000000	
0.000000	0.000000	0.000000	0.000000	
-0.156986	0.000000	0.000000	-0.040000	
0.000000	0.000000	0.000000	0.000000	
0.000000	0.000000	0.000000	0.000000	
0.000000	0.000000	0.000000	0.000000	
0.000000	0.000000	0.000000	0.000000	
0.000000	0.000000	0.000000	0.000000	
0.000000	0.000000	0.000000	0.000000	
0.000000	0.000000	0.000000	0.000000	
-0.100000	0.000000	0.000000	-0.040000	
0.000000	0.000000	0.000000	0.000000	
0.000000	0.000000	0.000000	0.000000	
0.000000	0.000000	0.000000	0.000000	
-0.100000	-0.100000	0.160000	0.000000	
0.000000	0.000000	0.000000	0.000000	
0.000000	0.000000	0.000000	0.000000	
0.000000	0.000000	0.000000	0.000000	
0.000000	0.000000	0.000000	0.000000	
0.000000	0.000000	0.000000	0.000000	
0.000000	0.000000	0.000000	0.000000	
0.000000	0.000000	0.000000	0.000000	
0.000000	0.000000	0.000000	0.000000	
0.000000	0.000000	0.000000	0.000000	
0.000000	0.000000	0.000000	0.000000	
0.000000	0.000000	0.000000	0.000000	
0.000000	0.000000	0.000000	0.000000	
0.000000	0.000000	0.000000	0.000000	
0.000000	0.000000	0.000000	0.000000	
0.000000	0.000000	0.000000	0.000000	
0.000000	0.000000	0.000000	0.000000	
0.000000	0.000000	0.000000	0.000000	
0.000000	0.000000	0.000000	0.000000	
0.000000	0.000000	0.000000	0.000000	
1.000000	-0.342720	-0.200000	-0.188000	
1.000000	0.000000	0.000000	0.000000	
0.000000	0.000000	0.000000	0.000000	
0.000000	0.000000	0.000000	0.000000	
1.000000	0.000000	0.000000	-0.158534	
1.000000	0.000000	-0.100000	-0.100000	
0.000000	0.000000	0.000000	0.000000	
0.000000	0.000000	0.000000	0.000000	
1.000000	-0.380525	-0.525920	-0.441791	
1.000000	-0.100000	-0.040000	0.000000	
0.000000	0.000000	0.000000	0.000000	
0.000000	0.000000	0.000000	0.000000	
1.000000	-0.551118	-0.565132	-0.268781	
1.000000	0.000000	0.000000	0.000000	
0.000000	0.000000	0.000000	0.000000	
0.000000	0.000000	0.000000	0.000000	
0.000000	0.000000	0.000000	0.000000	
0.000000	0.000000	0.000000	0.000000	
0.000000	0.000000	0.000000	0.000000	
0.000000	0.000000	0.000000	0.000000	
0.000000	0.000000	0.000000	0.000000	
0.000000	0.000000	0.000000	0.000000	
0.000000	0.000000	0.000000	0.000000	
0.000000	0.000000	0.000000	0.000000	
0.000000	0.000000	0.000000	0.000000	
0.000000	0.000000	0.000000	0.000000	
0.000000	0.000000	0.000000	0.000000	
0.000000	0.000000	0.000000	0.000000	
0.000000	0.000000	0.000000	0.000000	
0.000000	0.000000	0.000000	0.000000	
